Step 1:
Rewards: 0.0033333333333333335
Obs: [ 4.4240011e-03 -1.6439589e-02  7.7015817e-02  0.0000000e+00
  0.0000000e+00  0.0000000e+00  1.8495540e-01 -9.6266679e-02
 -1.3226622e-01  8.3321726e-01  1.7109042e+00  4.9552937e+00]
Action: [ 0.16663694  0.06120622  0.95762396 -0.8106303  -0.8153449   0.41347206]

Step 2:
Rewards: 0.0033333333333333335
Obs: [ 0.00457693 -0.01709791  0.0763478   0.          0.          0.
  0.03737445 -0.1077171   0.09994597  0.8829106   1.3690838   2.5981762 ]
Action: [ 0.11890101 -0.21592128  0.9706924  -0.8839203  -0.15436053 -0.1927405 ]

Step 3:
Rewards: 0.0033333333333333335
Obs: [ 0.00455871 -0.01777056  0.07570291  0.02054191  0.01071956  0.02423749
  0.09055693 -0.16489735 -0.02015768  1.3785524   1.5454203   1.5601207 ]
Action: [ 0.14141119 -0.16676807  0.9708421  -0.88371545 -0.02618247 -0.19290847]

Step 4:
Rewards: 0.0033333333333333335
Obs: [ 0.00452713 -0.01834845  0.07505687  0.02930497  0.01066857  0.02524584
 -0.03567493  0.08500165  0.09526732  1.4414737   2.145681    1.5303975 ]
Action: [ 0.12170875 -0.28947753  0.97008634 -0.84245265 -0.00127894 -0.08624333]

Step 5:
Rewards: 0.0033333333333333335
Obs: [ 0.00437773 -0.01891843  0.07441714  0.03793607  0.00937679  0.02575717
 -0.10222811 -0.10304721 -0.10260513  0.7109654   1.7343677   0.6656447 ]
Action: [ 0.0997479  -0.2838409   0.97340274 -0.83008754  0.1102103  -0.04389554]

Step 6:
Rewards: 0.0033333333333333335
Obs: [ 0.00425169 -0.0194064   0.07377902  0.04618987  0.00850069  0.02585418
 -0.03055291 -0.04012126 -0.1577105   1.1836658   2.1527834   0.88099205]
Action: [ 0.10662889 -0.3784461   0.97049296 -0.7923957   0.07043207  0.00557661]

Step 7:
Rewards: 0.0033333333333333335
Obs: [ 0.00411821 -0.01985862  0.07314143  0.05412135  0.00781522  0.02557653
 -0.02219986 -0.1315397  -0.15272857  2.6683328   0.1776773   1.2839335 ]
Action: [ 0.13953888 -0.3917482   0.9714812  -0.7602675   0.05117762  0.04879785]

Step 8:
Rewards: 0.0033333333333333335
Obs: [ 0.00405221 -0.02024373  0.07250312  0.06160452  0.0076135   0.02406971
  0.01368071 -0.08352709 -0.19006805  0.9182453   1.7833986   0.9677747 ]
Action: [ 0.0608958  -0.4524747   0.9711447  -0.71543324  0.00537217  0.14906108]

Step 9:
Rewards: 0.0033333333333333335
Obs: [ 0.00382769 -0.02034662  0.07193652  0.06564049  0.00634977  0.02114643
 -0.12041555 -0.00386139 -0.04399225  0.6713777   2.256487    0.44441873]
Action: [ 0.11262238 -0.4913866   0.9723387  -0.6292461   0.04006624  0.20373058]

Step 10:
Rewards: 0.0033333333333333335
Obs: [ 0.00347582 -0.02024546  0.07142388  0.06726734  0.00368612  0.01635698
 -0.02623631 -0.1878424  -0.08390865  0.93126374  2.598907    1.3040375 ]
Action: [ 0.0883944  -0.5377944   0.9715544  -0.44565916  0.1713804   0.39045358]

Step 11:
Rewards: 0.0033333333333333335
Obs: [ 3.0835294e-03 -2.0078663e-02  7.0910633e-02  6.8654925e-02
  1.6853363e-03  1.0308067e-02 -1.4641553e-01 -1.3281088e-01
 -7.0754960e-02 -5.3834677e-01  6.8836218e-01  1.7650743e+00]
Action: [ 0.22780502 -0.63043976  0.97369564 -0.37107933  0.1213994   0.5406295 ]

Step 12:
Rewards: 0.0033333333333333335
Obs: [ 2.7311749e-03 -1.9956913e-02  7.0412248e-02  6.9601588e-02
 -1.7898610e-03  6.7585083e-03 -1.0134723e-01  8.0519371e-02
 -1.2667611e-01  2.1558182e+00  1.5768707e+00  1.0974293e+00]
Action: [ 0.01777291 -0.45683277  0.97441363 -0.61270046  0.24243212  0.2892636 ]

Step 13:
Rewards: 0.0033333333333333335
Obs: [ 2.2920002e-03 -1.9776693e-02  6.9916226e-02  7.0280999e-02
 -5.0797402e-03  2.3110348e-03 -5.0084747e-02 -1.7098051e-01
 -1.4994146e-01  2.4513631e+00  9.6005613e-01  8.4911203e-01]
Action: [ 0.18836772 -0.5300837   0.9746506  -0.31832308  0.27107096  0.41070962]

Step 14:
Rewards: 0.0033333333333333335
Obs: [ 1.8254069e-03 -1.9541699e-02  6.9426246e-02  7.0566960e-02
 -8.3604930e-03 -2.5821938e-03 -9.3176939e-02 -2.4762658e-02
 -8.4048338e-02  1.6293263e+00  2.5650125e+00  3.4614614e-01]
Action: [ 0.23466134 -0.5596692   0.9748553  -0.26160598  0.2797222   0.46901274]

Step 15:
Rewards: 0.0033333333333333335
Obs: [ 1.1380495e-03 -1.9169476e-02  6.8944797e-02  7.0413053e-02
 -1.3315516e-02 -8.0650700e-03 -9.2271358e-02 -1.2627576e-02
 -4.3250080e-02  4.9139598e-01  8.6885697e-01  2.1455922e+00]
Action: [ 0.41256    -0.7310419   0.9781145  -0.10140216  0.45455468  0.53752446]

Step 16:
Rewards: 0.0033333333333333335
Obs: [ 6.6560780e-04 -1.8878430e-02  6.8462104e-02  7.0044078e-02
 -1.6444210e-02 -1.1816512e-02 -9.2748575e-02  1.4022376e-02
 -7.8079738e-02  5.3596431e-01  7.2240603e-01  2.7352738e+00]
Action: [ 0.31768978 -0.5600279   0.9772136  -0.27935696  0.29447412  0.39439344]

Step 17:
Rewards: 0.0033333333333333335
Obs: [ 1.9780084e-04 -1.8547112e-02  6.7983255e-02  6.9391094e-02
 -1.9627815e-02 -1.4890479e-02 -1.1742901e-01 -2.5158206e-02
 -1.6424339e-01  5.6687915e-01  6.6058749e-01  2.3662453e+00]
Action: [ 0.3262627  -0.554621    0.97754693 -0.3157184   0.31656218  0.3492514 ]

Step 18:
Rewards: 0.0033333333333333335
Obs: [-3.0613257e-04 -1.8160472e-02  6.7507349e-02  6.8424217e-02
 -2.2895066e-02 -1.8344618e-02 -8.6181462e-02 -6.0866885e-02
 -1.6652624e-01  1.0761120e+00  2.4508975e+00  8.1788981e-01]
Action: [ 0.37965333 -0.5889807   0.97893834 -0.2730087   0.33652508  0.3977244 ]

Step 19:
Rewards: 0.0033333333333333335
Obs: [-9.5318293e-04 -1.7625438e-02  6.7041256e-02  6.6743448e-02
 -2.7298097e-02 -2.2960378e-02 -1.0096339e-02 -2.0346382e-01
 -1.0063336e-01  1.2770325e+00  6.7867970e-01  1.7803004e+00]
Action: [ 0.47352147 -0.7571503   0.98008347 -0.06221616  0.43881452  0.4986018 ]

Step 20:
Rewards: 0.0033333333333333335
Obs: [-0.00145877 -0.017159    0.06657151  0.06511641 -0.03039137 -0.02665276
  0.01249681 -0.08937383 -0.1234869   0.84570926  1.226484    1.0843601 ]
Action: [ 0.41507173 -0.6344702   0.97992253 -0.16331941  0.3442564   0.4469037 ]

Step 21:
Rewards: 0.0033333333333333335
Obs: [-1.9559094e-03 -1.6663484e-02  6.6102602e-02  6.3287251e-02
 -3.3398226e-02 -3.0080773e-02  2.5375573e-02  2.2622233e-02
 -1.0972188e-01  2.2257481e+00  9.2300451e-01  1.6665412e+00]
Action: [ 0.42436147 -0.66028476  0.98068094 -0.15173334  0.35080862  0.4386871 ]

Step 22:
Rewards: 0.0033333333333333335
Obs: [-0.00235852 -0.01621671  0.06562813  0.06173811 -0.03569999 -0.03252701
 -0.13510188 -0.05420844  0.11771967  2.232139    1.0406578   1.7613032 ]
Action: [ 0.3688364  -0.60689306  0.9804747  -0.16133988  0.29251766  0.34906864]

Step 23:
Rewards: 0.0033333333333333335
Obs: [-0.00267717 -0.01579921  0.06515308  0.0602195  -0.03725052 -0.03504897
 -0.02336626 -0.16007532 -0.09803707  1.2953058   1.8192614  -0.20475759]
Action: [ 0.3092451  -0.55333     0.9798982  -0.10874975  0.20967364  0.33901668]

Step 24:
Rewards: 0.0033333333333333335
Obs: [-0.00311335 -0.01527687  0.0646835   0.05808735 -0.03981198 -0.03783464
 -0.21285705  0.04530035 -0.11631406  0.868409    2.9327369   0.79579276]
Action: [ 0.4007132  -0.67079115  0.98128724 -0.12915981  0.3445803   0.4196056 ]

Step 25:
Rewards: 0.0033333333333333335
Obs: [-0.00345533 -0.01486955  0.06419525  0.05719937 -0.04144292 -0.03824225
 -0.21809757 -0.09738342 -0.17695345  0.5847491   2.1888778   2.1832924 ]
Action: [ 0.40396821 -0.6395162   0.98233855 -0.21890092  0.26346707  0.20070946]

Step 26:
Rewards: 0.0033333333333333335
Obs: [-0.00367483 -0.01455991  0.06369064  0.05721943 -0.04194832 -0.03803711
 -0.12220275 -0.0636714  -0.13528587 -0.28466788  0.01266264  0.86141866]
Action: [ 0.3696096  -0.58982736  0.9815867  -0.34055996  0.17952192  0.13408923]

Step 27:
Rewards: 0.0033333333333333335
Obs: [-0.00385706 -0.01427998  0.06318834  0.0572276  -0.04214013 -0.03780131
 -0.09196427  0.02057026 -0.10365716  1.4192631   1.3707026   1.7531523 ]
Action: [ 0.32377863 -0.54618084  0.98269165 -0.3461926   0.15054536  0.14554954]

Step 28:
Rewards: 0.0033333333333333335
Obs: [-0.00402288 -0.01400439  0.06268181  0.05747163 -0.04230973 -0.0373278
  0.02569058 -0.12808526 -0.12594283  0.8021985   0.45057437  1.2680146 ]
Action: [ 0.31023788 -0.5988738   0.981853   -0.30727208  0.1296556   0.08587945]

Step 29:
Rewards: 0.0033333333333333335
Obs: [-0.0041889  -0.01369787  0.06217717  0.05746658 -0.04241019 -0.03710763
 -0.17077573 -0.09911762 -0.08608229  2.4883509   1.1530534   1.2574295 ]
Action: [ 0.3266678  -0.609566    0.98192596 -0.32834327  0.14090073  0.1365341 ]

Step 30:
Rewards: 0.0033333333333333335
Obs: [-0.00434607 -0.01343203  0.06166569  0.05784414 -0.04289933 -0.03602288
 -0.18311939 -0.06440666  0.02493612  0.4605131   0.905526    0.94918776]
Action: [ 0.2812426  -0.6159542   0.9821987  -0.30997872  0.1650157   0.02819848]

Step 31:
Rewards: 0.0033333333333333335
Obs: [-0.00445396 -0.01323166  0.06115055  0.0585021  -0.04260631 -0.03486213
 -0.01885149 -0.17795311  0.01300302  1.4746243   0.77160484  1.5050311 ]
Action: [ 0.30096614 -0.5452175   0.98281574 -0.34071434  0.09275281  0.01881063]

Step 32:
Rewards: 0.0033333333333333335
Obs: [-0.00454972 -0.01299836  0.06063507  0.05914769 -0.04226514 -0.0336656
  0.00643023 -0.20271477 -0.07998227 -0.4700898   1.7162124   1.5642668 ]
Action: [ 0.29353142 -0.605706    0.98189163 -0.34151793  0.08763385  0.01197183]

Step 33:
Rewards: 0.0033333333333333335
Obs: [-0.0046678  -0.01276451  0.06011945  0.05981069 -0.04191142 -0.032415
  0.01325574  0.18287683 -0.050759    1.4855307   0.01761108  0.4802324 ]
Action: [ 0.3391806  -0.60894823  0.9819497  -0.3769257   0.09708166  0.01577604]

Step 34:
Rewards: 0.0033333333333333335
Obs: [-0.00485102 -0.01249412  0.05961215  0.05984091 -0.04256227 -0.03164802
  0.01113157 -0.05625088 -0.1625056   3.546438    1.0327026   1.5395515 ]
Action: [ 0.29510856 -0.5485169   0.9845815  -0.19380045  0.13924146  0.00605464]

Step 35:
Rewards: 0.0033333333333333335
Obs: [-0.00496766 -0.01227452  0.05909279  0.0609027  -0.04282915 -0.02859711
 -0.03807986  0.06314511 -0.0954899   0.50879556  1.5685811   2.0371866 ]
Action: [ 0.27015984 -0.64490384  0.9828589  -0.29510105  0.11790097 -0.20175672]

Step 36:
Rewards: 0.0033333333333333335
Obs: [-0.0050469  -0.01208131  0.05857499  0.0619148  -0.04232709 -0.02621162
 -0.00997928  0.04276678 -0.13147487  1.2374778  -0.5116893   2.9162893 ]
Action: [ 0.29161823 -0.5808511   0.9832804  -0.25617933  0.02696908 -0.16164422]

Step 37:
Rewards: 0.0033333333333333335
Obs: [-0.00509376 -0.01193043  0.05805591  0.06310069 -0.04137183 -0.02341438
  0.05525192 -0.08668815 -0.17386179  0.73765904  1.8359519   0.37997508]
Action: [ 0.29865074 -0.52180296  0.9834776  -0.3066681  -0.00560063 -0.19757694]

Step 38:
Rewards: 0.0033333333333333335
Obs: [-0.00530522 -0.01159933  0.05754922  0.06300569 -0.04199095 -0.02290124
 -0.0562661  -0.03878091 -0.08412918  0.76668656  1.0868498   1.2151793 ]
Action: [ 0.35782957 -0.64247507  0.9835744  -0.28796637  0.16889822  0.03280342]

Step 39:
Rewards: 0.0033333333333333335
Obs: [-0.00539138 -0.01140006  0.0570344   0.06376572 -0.04163835 -0.02059507
  0.09099087  0.00701297 -0.10051635  1.0672848   0.43906885  1.1881173 ]
Action: [ 0.28028548 -0.5598476   0.9839268  -0.26598036  0.05047309 -0.15908879]

Step 40:
Rewards: 0.0033333333333333335
Obs: [-5.4578600e-03 -1.1213070e-02  5.6520194e-02  6.4441480e-02
 -4.1051552e-02 -1.8536225e-02 -6.6999279e-02 -1.5346654e-03
 -5.9986755e-02  2.8199222e+00  2.4128463e+00  2.3525023e-01]
Action: [ 0.27530873 -0.5215941   0.98382175 -0.3373646   0.05263567 -0.12485754]

Step 41:
Rewards: 0.0033333333333333335
Obs: [-0.00573119 -0.01089114  0.05601827  0.06402878 -0.04245271 -0.01844537
 -0.25340238 -0.10938858 -0.07844853  1.5694563   1.6802367   1.6318772 ]
Action: [ 0.33839488 -0.6184499   0.98460877 -0.20118332  0.21856475  0.04279268]

Step 42:
Rewards: 0.0033333333333333335
Obs: [-0.0058104  -0.01069025  0.05550713  0.06458315 -0.0425691  -0.01512789
 -0.09850393 -0.08597294  0.02400926  0.7858184   0.7856089   0.40299228]
Action: [ 0.20159829 -0.52433765  0.9849535  -0.19355601  0.07725811 -0.27519566]

Step 43:
Rewards: 0.0033333333333333335
Obs: [-0.00580649 -0.01056659  0.05499699  0.06520094 -0.04164428 -0.0133717
  0.05643722  0.00971761  0.04591901 -1.1744019   0.9592383   1.6951967 ]
Action: [ 0.16025889 -0.38087368  0.98398566 -0.37112975  0.0318197  -0.11450088]

Step 44:
Rewards: 0.0033333333333333335
Obs: [-0.00569063 -0.01053241  0.05448905  0.06612826 -0.03983764 -0.01098276
 -0.03675803 -0.07746347 -0.04461758  1.0715655   1.3815994   2.059313  ]
Action: [ 0.0578531  -0.253125    0.9839194  -0.39343405 -0.06062764 -0.18241882]

Step 45:
Rewards: 0.0033333333333333335
Obs: [-0.0056226  -0.01034604  0.05397994  0.06657851 -0.03895308 -0.00936234
 -0.0504824  -0.13707031 -0.00460926  1.8327291   1.7293142   3.021564  ]
Action: [ 0.02976513 -0.47171026  0.98416686 -0.3815633   0.0306263  -0.11443758]

Step 46:
Rewards: 0.0033333333333333335
Obs: [-0.00550972 -0.01016426  0.05347073  0.06699537 -0.03817401 -0.00712136
 -0.08865465 -0.0711128   0.14739905  2.1015735   0.30605257  0.43259174]
Action: [-0.06236255 -0.4626875   0.98502564 -0.35059434  0.03174579 -0.17962933]

Step 47:
Rewards: 0.0033333333333333335
Obs: [-0.00558954 -0.01003377  0.05296211  0.06710229 -0.03768812 -0.00700304
 -0.02587169  0.0420725  -0.09212283  1.5080141   1.3785856  -0.32197183]
Action: [ 2.5030053e-01 -2.7024961e-01  9.8490167e-01 -2.9999459e-01
  4.2655587e-02  4.3857098e-04]

Step 48:
Rewards: 0.0033333333333333335
Obs: [-0.00576457 -0.00984818  0.05245403  0.06696872 -0.0383078  -0.00700625
 -0.08480351 -0.01435185 -0.05204253  0.4954279   1.0263637   2.7107055 ]
Action: [ 0.2817582  -0.3754685   0.9867468  -0.10846132  0.0979836   0.01782072]

Step 49:
Rewards: 0.0033333333333333335
Obs: [-0.00558603 -0.00980363  0.05194815  0.06758551 -0.03664711 -0.00472428
 -0.04502267  0.0505213  -0.1021405   1.3026178   0.46781513  0.88486576]
Action: [-0.10221624 -0.2110095   0.98512554 -0.34347105 -0.06803405 -0.20048445]

Step 50:
Rewards: 0.0033333333333333335
Obs: [-5.5844733e-03 -9.7239101e-03  5.1439617e-02  6.7773551e-02
 -3.5911348e-02 -3.3684473e-03 -1.6358142e-01  2.4148133e-03
 -1.2245354e-01  6.2456948e-01  9.8190910e-01  2.6852908e+00]
Action: [ 0.13248825 -0.19216102  0.98661613 -0.17316341 -0.02076012 -0.12209982]

Step 51:
Rewards: 0.0033333333333333335
Obs: [-5.4217149e-03 -9.7387042e-03  5.0933365e-02  6.8267569e-02
 -3.4220852e-02 -1.2984020e-03  1.9640127e-02 -2.1767054e-02
  3.1848803e-02  2.0538371e+00  1.3950332e+00  6.7446180e-02]
Action: [-0.06751961 -0.06245112  0.98576474 -0.32012713 -0.08361512 -0.19193268]

Step 52:
Rewards: 0.0033333333333333335
Obs: [-0.00562934 -0.009574    0.05042261  0.06811898 -0.03475419 -0.0027885
 -0.07060804 -0.12791039 -0.22434455  0.93459976  1.663143    1.9309933 ]
Action: [ 0.35099947 -0.3130008   0.9876677  -0.01859689  0.05838823  0.15025532]

Step 53:
Rewards: 0.0033333333333333335
Obs: [-0.00558474 -0.00947923  0.04991657  0.0683943  -0.03352424 -0.00275717
  0.05175001 -0.01912086 -0.06483331  2.576941    1.1212692  -0.23870808]
Action: [ 0.07738483 -0.22376573  0.9863422  -0.2250976  -0.06671482 -0.00177777]

Step 54:
Rewards: 0.0033333333333333335
Obs: [-0.00576724 -0.00930399  0.0494152   0.0673497  -0.03350808 -0.00403185
 -0.09121145 -0.08568514 -0.07300308  1.1053983   1.3201395   1.0489001 ]
Action: [ 0.3723774  -0.18968683  0.9883684   0.09430313 -0.00196362  0.1233623 ]

Step 55:
Rewards: 0.0033333333333333335
Obs: [-0.00573993 -0.00920159  0.04890573  0.06774473 -0.03239287 -0.00369766
 -0.18586886 -0.0595927  -0.21425514  1.0067384   1.7810596   1.9605075 ]
Action: [ 0.11076653 -0.24589354  0.98754025 -0.0372591  -0.10045111 -0.05010617]

Step 56:
Rewards: 0.0033333333333333335
Obs: [-0.00577939 -0.00902887  0.04840287  0.06720074 -0.03161813 -0.00356522
 -0.01246051 -0.0920513  -0.19232069  1.2442522   1.1524867   1.3851279 ]
Action: [ 0.19625592 -0.28686112  0.98845565  0.05208886 -0.06964266 -0.00855792]

Step 57:
Rewards: 0.0033333333333333335
Obs: [-0.00583578 -0.0086936   0.0479098   0.06549271 -0.0308854  -0.00504554
 -0.09504116 -0.08503507 -0.02826521  2.3065426   2.1334047   0.8818299 ]
Action: [ 0.2029525  -0.41703486  0.988852    0.15546644 -0.07082188  0.1405896 ]

Step 58:
Rewards: 0.0033333333333333335
Obs: [-0.00593908 -0.00839895  0.04741356  0.06399991 -0.03028054 -0.0071649
 -0.13626187 -0.00834871 -0.05446203  1.875913    1.6516044   1.6510599 ]
Action: [ 0.274832   -0.3575245   0.9888394   0.13517463 -0.06029266  0.19181073]

Step 59:
Rewards: 0.0033333333333333335
Obs: [-0.00589775 -0.00810049  0.046924    0.06200302 -0.02917952 -0.007093
 -0.0745157  -0.05699848 -0.10793889  0.6048468   0.023991    0.13916291]
Action: [ 6.8064809e-02 -3.3716655e-01  9.8926747e-01  1.8523943e-01
 -1.0200101e-01  4.7957897e-04]

Step 60:
Rewards: 0.0033333333333333335
Obs: [-0.00579659 -0.00774735  0.04645153  0.05802139 -0.02758871 -0.00684543
 -0.19083837 -0.06340599 -0.15880708  0.9542379   0.55867434 -0.58537   ]
Action: [ 6.9105625e-04 -2.4634397e-01  9.9024296e-01  3.7751710e-01
 -1.5000522e-01 -4.0502727e-02]

Step 61:
Rewards: 0.0033333333333333335
Obs: [-0.00557859 -0.00754909  0.04596994  0.05534891 -0.02575115 -0.00707071
 -0.21730527  0.02787104 -0.18293628  0.4288829   1.0206016   1.3638247 ]
Action: [-0.21364164 -0.07079667  0.98966634  0.25105596 -0.17507577  0.02692509]

Step 62:
Rewards: 0.0033333333333333335
Obs: [-0.00555621 -0.00727523  0.04549318  0.05175751 -0.0238387  -0.0078141
 -0.10522908 -0.03488754  0.126538    0.02721804  1.2202612   0.31129295]
Action: [ 0.17171812 -0.1250003   0.9901855   0.3383639  -0.18380761  0.07082772]

Step 63:
Rewards: 0.0033333333333333335
Obs: [-0.0053808  -0.00715749  0.04500567  0.04973988 -0.02180695 -0.01062073
 -0.15582532 -0.09175895 -0.14874512  0.13454378  2.7451136  -0.7001844 ]
Action: [-0.14043725  0.04427624  0.99002624  0.18535054 -0.19975412  0.24922669]

Step 64:
Rewards: 0.0033333333333333335
Obs: [-0.00524472 -0.00696365  0.04450731  0.04896247 -0.02017813 -0.01441172
  0.0613821  -0.12956208 -0.19257616  1.3974196   1.9642621   1.3088982 ]
Action: [-0.11681807 -0.2255252   0.9891012   0.06493878 -0.1622479   0.34450305]

Step 65:
Rewards: 0.0033333333333333335
Obs: [-0.00495473 -0.00670298  0.04401749  0.04704903 -0.01847174 -0.01755745
 -0.01644987 -0.10063557 -0.03005619  1.574439    1.4053824   0.70695037]
Action: [-0.4045565  -0.24920028  0.98899436  0.17310369 -0.16892153  0.28375757]

Step 66:
Rewards: 0.0033333333333333335
Obs: [-0.00478888 -0.00652068  0.04353809  0.04346982 -0.01629089 -0.01725353
 -0.04469955 -0.16669822  0.04674745  0.95390797  1.2702081   1.5722535 ]
Action: [-0.07915032  0.02664506  0.99072015  0.33690298 -0.2088232  -0.02669477]

Step 67:
Rewards: 0.0033333333333333335
Obs: [-0.00457837 -0.00639997  0.04304837  0.04141404 -0.01424208 -0.01939454
  0.00266796  0.00394238 -0.10926744  1.5229324   1.6474762   1.1844907 ]
Action: [-0.20596296  0.02428496  0.9892814   0.18953097 -0.19987679  0.1896919 ]

Step 68:
Rewards: 0.0033333333333333335
Obs: [-0.00441896 -0.00621065  0.04256257  0.03856259 -0.01213048 -0.02030067
  0.05021921 -0.04884142 -0.11573204  0.17922387  1.1022251  -0.09031198]
Action: [-0.08820128 -0.0502305   0.989882    0.26561248 -0.20421338  0.07953632]

Step 69:
Rewards: 0.0033333333333333335
Obs: [-0.00414969 -0.0059594   0.04207635  0.03578949 -0.01003945 -0.0223958
  0.00232324  0.00263522 -0.21422435  2.231073    1.2332523   0.9630244 ]
Action: [-0.31944394 -0.17366874  0.98881626  0.25869787 -0.20434713  0.18404818]

Step 70:
Rewards: 0.0033333333333333335
Obs: [-0.00388873 -0.0057611   0.04158788  0.03295667 -0.00889846 -0.02292287
 -0.08247167  0.03342234 -0.10059948  0.92123955  0.9871749   1.2213695 ]
Action: [-0.37721753 -0.07911265  0.986861    0.26515365 -0.10974169  0.04947877]

Step 71:
Rewards: 0.0033333333333333335
Obs: [-0.00369866 -0.00556229  0.04110422  0.02913214 -0.0077072  -0.02418437
 -0.12678947  0.10755911 -0.12173223  1.9260477   3.1830375   1.3247182 ]
Action: [-0.23958069  0.01311719  0.9866016   0.36118484 -0.11619586  0.11437297]

Step 72:
Rewards: 0.0033333333333333335
Obs: [-0.0035744  -0.00524144  0.04060107  0.02954761 -0.00445776 -0.03076388
  0.0378229   0.01642805 -0.05648132  0.3480231   0.22632363  1.380529  ]
Action: [ 0.02227473 -0.627095    0.9887476  -0.0411067  -0.3174821   0.61213315]

Step 73:
Rewards: 0.0033333333333333335
Obs: [-0.00327081 -0.00505005  0.04010984  0.02696612 -0.00339531 -0.03068057
 -0.0271016   0.04562966 -0.08063053  1.7910405   1.3573557   0.47480997]
Action: [-4.62292552e-01 -1.16271496e-01  9.84242082e-01  2.40343571e-01
 -1.02793097e-01  4.62651253e-04]

Step 74:
Rewards: 0.0033333333333333335
Obs: [-3.0261839e-03 -4.8788050e-03  3.9603051e-02  2.7001465e-02
 -1.9797415e-03 -3.1339273e-02 -5.5480566e-02 -2.6469293e-01
 -6.4888015e-02  1.0102183e+00  1.5155892e+00  2.1173508e+00]
Action: [-0.3303299  -0.30273652  0.9882549  -0.00964427 -0.1322174   0.06370842]

Step 75:
Rewards: 0.0033333333333333335
Obs: [-2.6518388e-03 -4.7105672e-03  3.9092053e-02  2.8807435e-02
  1.1509536e-04 -3.2387931e-02 -2.5328386e-01 -1.4357407e-02
 -2.0181718e-01  2.6105628e+00  1.6989946e+00  2.1564124e+00]
Action: [-0.5336942  -0.53698784  0.9859433  -0.16945595 -0.19613254  0.09646201]

Step 76:
Rewards: 0.0033333333333333335
Obs: [-0.00241498 -0.00452918  0.03858778  0.0283937   0.00236629 -0.03031376
  0.01827542 -0.09462591 -0.18906716  2.116109    1.2652261   0.8530407 ]
Action: [-0.22380161 -0.3549196   0.9898722   0.03743851 -0.2107426  -0.20055187]

Step 77:
Rewards: 0.0033333333333333335
Obs: [-0.00225029 -0.00445554  0.03807451  0.0293796   0.00370053 -0.03032513
  0.02709484 -0.08367433 -0.13000059  0.94866145  1.153372    0.31120524]
Action: [-0.1784116  -0.27057832  0.9891343  -0.09018278 -0.12305069  0.00153661]

Step 78:
Rewards: 0.0033333333333333335
Obs: [-2.1622907e-03 -4.4139763e-03  3.7559442e-02  3.0477332e-02
  4.6295496e-03 -3.0310314e-02  6.4767902e-03  6.7807003e-03
 -8.8833764e-02  2.0460825e+00  2.2894294e+00  6.3177365e-01]
Action: [-0.06288445 -0.22585052  0.98985934 -0.09972519 -0.08299893  0.0011034 ]

Step 79:
Rewards: 0.0033333333333333335
Obs: [-0.00213899 -0.00433308  0.037046    0.03143698  0.00434758 -0.03039074
 -0.0487847  -0.14178896 -0.01056611  0.91482306  1.3693876   1.6948808 ]
Action: [-0.05397391 -0.2885785   0.99047637 -0.08439332  0.03120184  0.01236844]

Step 80:
Rewards: 0.0033333333333333335
Obs: [-2.1258474e-03 -4.0593268e-03  3.6541011e-02  3.0847196e-02
  6.4145713e-03 -2.6338534e-02 -6.3361026e-02  8.1117250e-05
 -7.7699400e-02  1.4217085e+00  1.7067821e+00  4.2107558e-01]
Action: [ 0.1995306  -0.52174604  0.9901228   0.05261469 -0.18955624 -0.37772256]

Step 81:
Rewards: 0.0033333333333333335
Obs: [-0.00220734 -0.00398874  0.03603294  0.03198035  0.00535801 -0.02609829
 -0.02476453 -0.11853293 -0.02032306  1.8897191   1.2653044   0.2348926 ]
Action: [ 0.04196501 -0.270549    0.9910611  -0.10155159  0.0971818  -0.02828443]

Step 82:
Rewards: 0.0033333333333333335
Obs: [-2.2439854e-03 -3.8611011e-03  3.5524204e-02  3.1691380e-02
  5.7196845e-03 -2.1675987e-02 -1.6275413e-01 -2.7808737e-02
 -3.0489029e-02  1.1405309e+00  3.1746168e+00  1.3053005e+00]
Action: [ 0.14736283 -0.279971    0.9909395   0.02848101 -0.02474767 -0.40843666]

Step 83:
Rewards: 0.0033333333333333335
Obs: [-0.00222993 -0.00369293  0.0350153   0.0321902   0.00576267 -0.02044383
 -0.01361026 -0.02633142 -0.05548974  1.2407786   0.30509573  1.7217476 ]
Action: [-0.0157209  -0.40322417  0.9908595  -0.04433763 -0.00198883 -0.11444628]

Step 84:
Rewards: 0.15924074005915015
Obs: [-0.00222364 -0.00341708  0.03451573  0.03004104  0.00844098 -0.01440587
 -0.06736753 -0.05043588 -0.1397718   1.877286    1.4358989   0.912954  ]
Action: [ 0.2689705  -0.3741672   0.9883386   0.19374597 -0.24592769 -0.56842697]

Step 85:
Rewards: 0.2178018369985018
Obs: [-2.2664701e-03 -3.2288271e-03  3.4007747e-02  2.9189130e-02
  9.7365072e-03 -1.0605747e-02 -1.7302513e-01 -2.9126339e-02
  2.0771725e-02  2.4324913e+00  1.7004235e+00  1.3424321e+00]
Action: [ 0.2413044  -0.28672975  0.98959696  0.07228768 -0.11646795 -0.35341787]

Step 86:
Rewards: 0.23649897798389033
Obs: [-0.00236055 -0.00315124  0.03350367  0.          0.          0.
 -0.12503326 -0.14450163 -0.08065088  0.85165083  1.0782071   2.2010806 ]
Action: [ 0.26271987  0.02344263  0.9864564   0.16720676 -0.02263921 -0.28550887]

Step 87:
Rewards: 0.24833313149740985
Obs: [-0.00205441 -0.00279991  0.03300383  0.          0.          0.
 -0.04590916 -0.2535014  -0.04219856 -0.06959243  0.92606574  1.2829959 ]
Action: [-0.24733198 -0.55536306  0.98930955  0.14385176 -0.35328078 -0.74029356]

Step 88:
Rewards: 0.25680167184124725
Obs: [-0.00175723 -0.00244667  0.03250235  0.          0.          0.
 -0.02081655 -0.08311396 -0.00222305  1.5066065   0.8034919   0.49473757]
Action: [-0.25691664 -0.56173605  0.9888787   0.14315152 -0.33476865 -0.78115577]

Step 89:
Rewards: 0.26339680893989925
Obs: [-1.6685827e-03 -2.3147932e-03  3.1997383e-02  2.3216093e-02
  2.0131757e-02  1.3488106e-02 -3.1148465e-02 -1.4404730e-01
 -8.9425169e-02  1.2848064e+00  2.0792847e+00  1.4645822e+00]
Action: [ 0.07206547 -0.1847831   0.9866878   0.06387556 -0.24781013 -0.4712668 ]

Step 90:
Rewards: 0.26884138924943657
Obs: [-1.7840224e-03 -2.3994178e-03  3.1497270e-02  0.0000000e+00
  0.0000000e+00  0.0000000e+00 -6.1219532e-02 -2.6308644e-01
 -1.2484462e-01  1.9624320e+00  4.5927539e-01  2.2338867e+00]
Action: [-0.17169726  0.19087136  0.98669124 -0.03044236  0.48742247  0.23663902]

Step 91:
Rewards: 0.2743615543866747
Obs: [-1.5187371e-03 -1.8655151e-03  3.1003987e-02  1.7501947e-02
  2.0756220e-02  2.0625316e-02 -7.7121526e-02  5.7933699e-02
  2.9504176e-02  8.6607581e-01  2.0265727e+00  2.9172821e+00]
Action: [-0.0628373 -0.6205827  0.9916501  0.5614672 -0.532857  -0.9211647]

Step 92:
Rewards: 0.27906863303780494
Obs: [-1.5980807e-03 -1.8718496e-03  3.0500090e-02  0.0000000e+00
  0.0000000e+00  0.0000000e+00  3.2316543e-02 -4.2265646e-02
 -1.9742914e-01  1.8081646e+00  1.1550994e+00  9.5158273e-01]
Action: [-0.14867586 -0.10844409  0.98846734 -0.10644287  0.36058056  0.20443547]

Step 93:
Rewards: 0.28384306130590453
Obs: [-0.00141178 -0.00133714  0.02999975  0.01392972  0.02283273  0.02777984
 -0.00174826  0.0173941   0.08506829  1.0871818   1.1593083  -0.51843005]
Action: [ 0.08275306 -0.715752    0.991606    0.44543183 -0.5540546  -0.8924161 ]

Step 94:
Rewards: 0.2876572865448384
Obs: [-1.4058042e-03 -1.9451301e-03  2.9514886e-02  1.9334115e-02
  1.4709771e-02  2.2844240e-02 -4.4006996e-02 -2.8495699e-02
 -1.5461016e-01  1.9344870e+00 -5.6788389e-02  1.1990632e+00]
Action: [-0.5768291   0.8093934   0.97853494 -0.51589376  0.77655816  0.4722545 ]

Step 95:
Rewards: 0.2914664532405177
Obs: [-1.4058801e-03 -2.2799021e-03  2.9020170e-02  2.1878675e-02
  1.0343052e-02  2.0976614e-02  3.5845909e-02 -3.3819046e-02
 -6.0477257e-02  4.6143842e-01  5.9074038e-01  2.0490339e+00]
Action: [-0.3253206   0.4553132   0.9870887  -0.24433511  0.4217807   0.1833427 ]

Step 96:
Rewards: 0.2953246035052187
Obs: [-0.00138826 -0.00230456  0.02852257  0.          0.          0.
 -0.1190023  -0.1691436  -0.18244423  0.01515674  0.4319065   1.312877  ]
Action: [-1.8865299e-01  4.7601461e-02  9.8877573e-01  5.2821636e-04
  1.5087461e-01  1.5850985e-01]

Step 97:
Rewards: 0.29943100149291957
Obs: [-1.16063119e-03 -1.70566619e-03  2.80247331e-02  1.61162578e-02
  1.39928013e-02  2.86711901e-02 -8.29257444e-02 -1.09036125e-01
 -5.92480116e-02  1.08146179e+00  1.19160163e+00  1.89478233e-01]
Action: [-0.05823517 -0.79607105  0.993829    0.5481589  -0.4919206  -0.9086175 ]

Step 98:
Rewards: 0.3027375513328335
Obs: [-1.1880744e-03 -2.1642940e-03  2.7530361e-02  1.9924756e-02
  8.5397298e-03  2.6526187e-02 -5.1822059e-02 -4.0457129e-02
 -7.4312955e-02  1.2808268e+00  9.9916995e-01  1.9618930e+00]
Action: [-0.3007728   0.6178967   0.9855293  -0.36224592  0.51628435  0.20903015]

Step 99:
Rewards: 0.30614437688258234
Obs: [-1.1962031e-03 -2.2557122e-03  2.7028495e-02  2.2158485e-02
  5.3076698e-03  2.4654947e-02 -1.2858975e-01 -1.5209895e-01
 -6.1368093e-02  1.2573489e+00  1.8125371e+00  5.9061814e-02]
Action: [-0.22796476 -0.00239474  0.9889263  -0.21309793  0.30705726  0.17980778]

Step 100:
Rewards: 0.30925485088194327
Obs: [-1.2028158e-03 -2.5753854e-03  2.6529642e-02  2.5060797e-02
  7.6523388e-04  2.3524895e-02 -3.3451837e-02 -3.6395472e-02
 -1.9935567e-02  1.3153538e+00  1.4447424e+00  1.6124533e+00]
Action: [-0.29483485  0.40039134  0.9836743  -0.277812    0.4317099   0.11503887]

Step 101:
Rewards: 0.3124211789002252
Obs: [-0.00125212 -0.00257604  0.02602836  0.02622704 -0.00266615  0.02249454
 -0.18913618 -0.16499332 -0.24284282 -0.14762034  0.37448943  0.14008376]
Action: [-0.1552434  -0.11899173  0.9868138  -0.10850203  0.3251946   0.10390484]

Step 102:
Rewards: 0.315630758209189
Obs: [-1.3134284e-03 -2.2675213e-03  2.5524162e-02  2.8195616e-02
 -4.9855933e-03  1.8270617e-02  7.5249153e-04  2.1830208e-03
 -6.1960556e-02 -6.4889477e-03  1.3327721e+00  5.6983769e-01]
Action: [-0.07150656 -0.77103955  0.98888993 -0.18188459  0.21144187  0.39179957]

Step 103:
Rewards: 0.3185816783630337
Obs: [-1.2950790e-03 -2.1176443e-03  2.5024820e-02  2.8755674e-02
 -7.8607956e-03  1.8473713e-02 -3.1406544e-03 -1.5242146e-01
 -8.1142180e-02  1.1447265e+00  1.9921861e+00  1.6801858e+00]
Action: [-0.24384862 -0.38126242  0.9861593  -0.04943967  0.27156496 -0.0217526 ]

Step 104:
Rewards: 0.32142817219871594
Obs: [-1.32794888e-03 -1.76035275e-03  2.45268997e-02  2.87603494e-02
 -9.38488357e-03  1.86939351e-02 -1.56450402e-02 -1.16237864e-01
 -6.92371503e-02  2.06601596e+00  1.98600411e+00  3.11641860e+00]
Action: [-0.0650602  -0.7214512   0.98455167  0.00141943  0.14170218 -0.0341022 ]

Step 105:
Rewards: 0.3240786045683624
Obs: [-1.3869466e-03 -1.4050117e-03  2.4026291e-02  2.9946096e-02
 -1.1896097e-02  1.4582388e-02 -1.0268657e-01 -1.9096707e-01
 -3.5765883e-02  1.1287361e+00  1.9578861e+00 -2.9263285e-01]
Action: [-0.07236332 -0.81836534  0.98610306 -0.10642916  0.22991145  0.38509047]

Step 106:
Rewards: 0.326401474486582
Obs: [-1.2515021e-03 -1.6940102e-03  2.3524921e-02  3.3692427e-02
 -1.4654043e-02  1.4306589e-02 -4.1009501e-02  6.8700671e-02
 -1.3081259e-01  3.7309974e-01  1.7842213e+00  1.4081808e+00]
Action: [-0.4595359   0.30469608  0.9820529  -0.3565625   0.25804973  0.04062748]

Step 107:
Rewards: 0.3262601181997715
Obs: [-1.15066196e-03 -1.29568251e-03  2.30276249e-02  3.34093645e-02
 -1.49238771e-02  1.91012807e-02 -1.22661225e-01 -1.33643776e-01
 -1.02770038e-01  2.54737639e+00 -9.20454487e-02  6.48260117e-01]
Action: [-0.23446989 -0.76636374  0.98069334  0.02495468  0.03037226 -0.44985914]

Step 108:
Rewards: 0.32030491856890825
Obs: [-1.1075651e-03 -1.1677176e-03  2.2524420e-02  3.7454419e-02
 -1.7178953e-02  1.3451781e-02 -5.6104928e-02 -3.4273047e-02
 -7.5280793e-02  1.9073257e+00  3.0115935e-01 -1.8264861e-01]
Action: [-0.25567162 -0.5214483   0.98992276 -0.38406837  0.19770908  0.53035116]

Step 109:
Rewards: 0.31432983205393766
Obs: [-9.1131829e-04 -1.1435726e-03  2.2025933e-02  3.8302612e-02
 -1.9189622e-02  1.4288704e-02 -9.6372783e-02 -1.9754702e-02
 -7.3720366e-02 -2.3276410e-01  5.6487966e-01  2.0674734e+00]
Action: [-0.5329704  -0.14736259  0.9876971  -0.07668531  0.18952632 -0.08213538]

Step 110:
Rewards: 0.31305417032272653
Obs: [-1.0906605e-03 -8.6514023e-04  2.1531617e-02  3.8222518e-02
 -2.0866955e-02  1.3269733e-02 -3.9676074e-02 -8.3952144e-02
 -1.6536817e-01  1.9377921e+00  1.9228688e+00  1.6969558e+00]
Action: [ 0.22204912 -0.54115903  0.97600913  0.00683963  0.15436506  0.10476768]

Step 111:
Rewards: 0.29562846343794225
Obs: [-1.1262603e-03 -5.6317303e-04  2.1032315e-02  4.0472347e-02
 -2.3376316e-02  1.7573340e-02  2.1296449e-02 -6.5512970e-02
 -2.9063879e-02  1.2921108e+00  1.7735749e+00  1.4820883e+00]
Action: [-0.09371889 -0.77692777  0.9860449  -0.20721257  0.2431829  -0.39866114]

Step 112:
Rewards: 0.3000754489462849
Obs: [-1.2211179e-03 -4.5547352e-04  2.0536186e-02  4.0571075e-02
 -2.5015365e-02  1.0886417e-02 -1.4763658e-01 -7.5363755e-02
 -2.7584055e-01  3.0646646e+00 -2.0549870e-01  1.2487239e+00]
Action: [ 0.06550813 -0.21504271  0.97957194 -0.01447564  0.13983333  0.6317848 ]

Step 113:
Rewards: 0.30928584895180844
Obs: [-1.2977711e-03 -6.0625089e-04  2.0040073e-02  3.8346738e-02
 -2.4768459e-02  9.1572041e-03 -1.7734279e-01 -8.7527387e-02
 -2.1821675e-01  1.8780364e+00  9.3885928e-01  1.3241570e+00]
Action: [ 0.1869154   0.4473679   0.9642732   0.20817935 -0.02245235  0.16173625]

Step 114:
Rewards: 0.30864077107734444
Obs: [-0.00127394 -0.00077172  0.01954325  0.03773325 -0.02417906  0.01324442
 -0.04509395 -0.11586609 -0.02485018  0.08491345  0.36220074  0.10076471]
Action: [ 0.02100039  0.39603484  0.9615326   0.05586457 -0.04455173 -0.38324034]

Step 115:
Rewards: 0.3102136444064132
Obs: [-1.2365265e-03 -8.2341011e-04  1.9043878e-02  3.7023138e-02
 -2.4252696e-02  1.3626981e-02 -2.7706668e-02 -5.0714314e-02
 -2.2701960e-02  3.6598995e-01  1.0672860e+00  1.5258042e+00]
Action: [-0.08266807  0.18403876  0.9785917   0.06073713  0.00651586 -0.04440266]

Step 116:
Rewards: 0.3160095357581887
Obs: [-1.2724214e-03 -7.8310189e-04  1.8546065e-02  3.6168054e-02
 -2.4703279e-02  8.7788459e-03 -8.2938984e-02 -5.4481003e-02
 -1.6042784e-02  2.3826928e+00  1.3959913e+00  1.8703969e+00]
Action: [0.06501532 0.01945102 0.96807873 0.07125032 0.03850818 0.4566096 ]

Step 117:
Rewards: 0.3213312632504702
Obs: [-1.3827397e-03 -7.5605442e-04  1.8058807e-02  3.4450699e-02
 -2.5496131e-02  3.6248988e-03 -1.6651548e-01 -9.3436226e-02
 -8.1965588e-02  2.6984732e+00  1.7743132e+00  1.4551857e+00]
Action: [0.16556656 0.08811367 0.9564493  0.15388227 0.06647444 0.48562288]

Step 118:
Rewards: 0.32514525447306747
Obs: [-1.4853829e-03 -7.5367745e-04  1.7574312e-02  3.2410637e-02
 -2.6171649e-02  1.6701976e-03 -2.2618301e-02 -2.0429735e-01
 -8.9360796e-02  2.0796521e+00  2.0900021e+00  2.0823197e+00]
Action: [0.15807831 0.1406666  0.95183706 0.18823218 0.06026661 0.18006516]

Step 119:
Rewards: 0.3280504090246742
Obs: [-1.5679999e-03 -6.9860270e-04  1.7088166e-02  3.0445697e-02
 -2.6807519e-02  8.3116785e-04 -2.6772380e-01 -2.7720083e-02
 -1.6631933e-01  6.4907515e-01  1.3429093e+00 -4.4572645e-01]
Action: [0.12043667 0.02928078 0.9552984  0.18185782 0.05778718 0.07998025]

Step 120:
Rewards: 0.33195439477739447
Obs: [-1.6061639e-03 -7.0431246e-04  1.6593106e-02  2.8252574e-02
 -2.6615670e-02 -1.8133546e-04 -8.2986817e-02 -1.5824905e-01
 -8.4127717e-02  1.2519041e+00  7.1103352e-01  1.1162829e+00]
Action: [ 0.09887564  0.15703821  0.9656911   0.20341301 -0.01765954  0.09593558]

Step 121:
Rewards: 0.33495133792507314
Obs: [-1.61543931e-03 -6.93133392e-04  1.60913039e-02  2.59370245e-02
 -2.63907928e-02 -1.48235029e-03 -1.20607875e-01  2.24714279e-02
 -5.43489307e-02  1.24221468e+00  1.40654135e+00  1.27343392e+00]
Action: [ 0.06109142  0.12872195  0.97457874  0.21518648 -0.01873988  0.12099469]

Step 122:
Rewards: 0.33679847109792477
Obs: [-1.61468284e-03 -6.64711930e-04  1.55974375e-02  2.36331671e-02
 -2.59551574e-02 -3.18130781e-03 -1.86808273e-01 -1.42836422e-01
 -2.61404634e-01  1.95568728e+00  1.00602794e+00  4.20508087e-01]
Action: [ 0.05256414  0.09284735  0.958231    0.21360779 -0.03868663  0.15480721]

Step 123:
Rewards: 0.37542858012690333
Obs: [-1.6088565e-03 -7.0248410e-04  1.5098811e-02  2.1108935e-02
 -2.4859747e-02 -3.5508387e-03 -8.1001505e-02 -8.1624113e-02
 -4.7491502e-02 -1.4489965e+00  3.2279524e-01  1.0504251e+00]
Action: [ 0.06754971  0.22550952  0.9689944   0.23589242 -0.10178703  0.03910887]

Step 124:
Rewards: 0.6709639301157196
Obs: [-1.5672594e-03 -7.4603211e-04  1.4609285e-02  0.0000000e+00
  0.0000000e+00  0.0000000e+00 -4.6514869e-02 -6.8155088e-02
 -5.0980505e-02  1.9992070e-01  1.8185866e+00  3.7984592e-01]
Action: [-0.00870687  0.20534074  0.9506967   0.16556287 -0.08821809 -0.06050062]

Step 125:
Rewards: 0.6769164275091082
Obs: [-1.5829175e-03 -6.2154274e-04  1.4104291e-02  0.0000000e+00
  0.0000000e+00  0.0000000e+00 -1.2006750e-01 -1.2712690e-01
 -8.8882551e-02  2.5889230e-01  2.5191098e-01  2.1125314e+00]
Action: [ 0.02187932 -0.1466819   0.98505425  0.10992157  0.04814243  0.10025263]

Step 126:
Rewards: 0.6822310892178721
Obs: [-1.6314265e-03 -5.7441561e-04  1.3612607e-02  0.0000000e+00
  0.0000000e+00  0.0000000e+00 -1.4929456e-01 -8.0367610e-02
  9.4991662e-03  6.6913921e-01 -1.8611759e-01  3.8677737e-01]
Action: [ 0.07366729 -0.01932383  0.9643332   0.06656718  0.02386141  0.04133999]

Step 127:
Rewards: 0.6872294346663698
Obs: [-1.7115147e-03 -5.3687033e-04  1.3114411e-02  0.0000000e+00
  0.0000000e+00  0.0000000e+00 -1.8899803e-01  6.3140877e-02
 -9.0683694e-04 -4.8228744e-01  1.3013518e+00  3.8447300e-01]
Action: [0.15546823 0.00970173 0.973297   0.07488143 0.00571358 0.09034598]

Step 128:
Rewards: 0.6920961267253498
Obs: [-1.7394288e-03 -5.5129139e-04  1.2602977e-02  0.0000000e+00
  0.0000000e+00  0.0000000e+00 -7.9393953e-01 -9.8669314e-01
 -1.9557099e-01 -3.6125153e-01  1.5405159e+00 -1.7961010e+00]
Action: [ 0.16324246 -0.04455072  0.97197914  0.06172717  0.02584338  0.08454299]

Step 129:
Rewards: 0.6966331738060606
Obs: [-1.7780443e-03 -6.3489267e-04  1.2092321e-02  0.0000000e+00
  0.0000000e+00  0.0000000e+00 -7.7491328e-02 -2.3900272e-02
 -3.2781713e-02  1.3933154e+00  4.6779415e-01  1.3722696e+00]
Action: [ 0.12784457  0.146353    0.9740946   0.09674871  0.03791356 -0.03876323]

Step 130:
Rewards: 0.7009902307808943
Obs: [-1.82018499e-03 -6.82775979e-04  1.15746055e-02  0.00000000e+00
  0.00000000e+00  0.00000000e+00 -1.93738520e-01 -1.90398127e-01
 -1.93650126e-01 -2.23838615e+00  3.33186054e+00  1.95258272e+00]
Action: [ 0.23365736 -0.02189469  0.96086097  0.05224717 -0.00266719  0.05813634]

Step 131:
Rewards: 0.7050104098927333
Obs: [-1.8705946e-03 -7.7133329e-04  1.1066101e-02  0.0000000e+00
  0.0000000e+00  0.0000000e+00 -8.9698595e-01 -1.5746518e+00
 -1.2560773e-01 -1.8200843e+00  5.0848403e+00 -2.2679229e+00]
Action: [ 0.16703665  0.12921822  0.9521091   0.07955182  0.09117985 -0.02119452]

Step 132:
Rewards: 0.7338590804046013
Obs: [-1.9262010e-03 -8.7181479e-04  1.0550874e-02  0.0000000e+00
  0.0000000e+00  0.0000000e+00 -9.1652125e-01 -1.7370691e+00
  7.8163244e-02 -8.6135662e-01  1.5381420e+00 -3.6177673e+00]
Action: [ 0.15546489  0.3076669   0.971889    0.11100137  0.06748927 -0.13656867]

Step 133:
Rewards: 0.7376659746042168
Obs: [-1.9674134e-03 -9.8037079e-04  1.0015844e-02  0.0000000e+00
  0.0000000e+00  0.0000000e+00 -8.8302767e-01 -1.9981354e+00
 -1.0278283e-01 -3.1192975e+00  2.4560449e+00 -4.0228477e+00]
Action: [ 0.26501036  0.20438635  0.97641087  0.061602   -0.04880279 -0.02353919]

Step 134:
Rewards: 0.7161396462044373
Obs: [-2.0189898e-03 -1.0834864e-03  9.4988588e-03  0.0000000e+00
  0.0000000e+00  0.0000000e+00 -5.7617180e-02 -2.8034014e-01
 -8.6400263e-02 -3.9145613e+00  2.2534616e+00  2.4311056e+00]
Action: [ 0.1219238   0.2411251   0.9693837   0.08550394 -0.02070832 -0.0588575 ]

Step 135:
Rewards: 0.7193746468581391
Obs: [-2.0752230e-03 -1.2334633e-03  8.9840721e-03  0.0000000e+00
  0.0000000e+00  0.0000000e+00 -1.8804023e-02 -2.2915074e-01
 -4.3253008e-02 -4.7881136e+00  2.3562858e+00  2.5349247e+00]
Action: [ 0.13623166  0.31460786  0.95446324  0.0566361   0.04568756 -0.04884833]

Step 136:
Rewards: 0.7474427245545823
Obs: [-2.1312707e-03 -1.3024590e-03  8.4805340e-03  0.0000000e+00
  0.0000000e+00  0.0000000e+00 -2.8849500e-01 -2.2777560e+00
 -9.8799251e-02 -2.9191282e+00  1.1918565e+00 -5.0075655e+00]
Action: [ 0.07827294  0.3577386   0.95164645  0.06463456  0.04861188 -0.06357419]

Step 137:
Rewards: 0.725792796992375
Obs: [-2.1007024e-03 -1.3104996e-03  7.9381494e-03  0.0000000e+00
  0.0000000e+00  0.0000000e+00 -7.5909249e-02 -3.2568800e-01
 -3.2795146e-02 -5.4940014e+00  1.4365971e+00  2.0655816e+00]
Action: [ 0.13376045  0.08198714  0.9808109   0.04199612  0.02102947 -0.01920635]

Step 138:
Rewards: 0.7286307356285604
Obs: [-2.1122736e-03 -1.4197140e-03  7.4282032e-03  0.0000000e+00
  0.0000000e+00  0.0000000e+00 -1.4574534e-01 -1.5429053e+00
 -1.3755764e-01 -5.5804739e+00 -2.5425121e-01 -1.7905835e+00]
Action: [-0.02500039  0.36277604  0.96214926  0.05895209  0.01004481 -0.06225008]

Step 139:
Rewards: 0.7314549208756354
Obs: [-2.0853211e-03 -1.5050956e-03  6.9103772e-03  0.0000000e+00
  0.0000000e+00  0.0000000e+00 -5.0623838e-02 -2.8294319e-01
 -1.3136220e-01 -3.9843831e+00  1.4733578e+00  3.1479540e+00]
Action: [-0.04596794  0.20503604  0.97770274  0.04391384 -0.01950502 -0.05256432]

Step 140:
Rewards: 0.7590805789960489
Obs: [-2.0742344e-03 -1.5700265e-03  6.4030401e-03  0.0000000e+00
  0.0000000e+00  0.0000000e+00  4.2296067e-01 -2.1362958e+00
 -9.7826689e-02 -1.6011477e+00  3.2915437e-01 -4.2313905e+00]
Action: [-0.01925743  0.2998793   0.95349455  0.0383848  -0.01093143 -0.07693827]

Step 141:
Rewards: 0.7367535271869206
Obs: [-2.1024561e-03 -1.5633904e-03  5.8638868e-03  0.0000000e+00
  0.0000000e+00  0.0000000e+00 -3.0032475e-02 -2.5150123e-01
  2.3776971e-02 -5.2952604e+00  9.2509210e-01  2.4550033e+00]
Action: [ 0.22369587 -0.00943857  0.9779129   0.01113832  0.03845155  0.06884122]

Step 142:
Rewards: 0.7391623518824193
Obs: [-2.0730989e-03 -1.6269916e-03  5.3511159e-03  0.0000000e+00
  0.0000000e+00  0.0000000e+00  1.4877418e-01 -3.0336812e-01
 -8.8673336e-03 -5.7655091e+00 -7.6741207e-01  1.9186206e+00]
Action: [-0.12467086  0.3688097   0.9610045   0.04824305 -0.02205265 -0.07888633]

Step 143:
Rewards: 0.741105077102994
Obs: [-2.0870632e-03 -1.7785478e-03  4.8626540e-03  0.0000000e+00
  0.0000000e+00  0.0000000e+00  6.5703511e-01 -1.4912498e+00
 -7.2183989e-02 -4.2177076e+00 -1.4008262e+00 -1.0363472e+00]
Action: [-0.21797115  0.32421446  0.9588003   0.04285204 -0.04324996 -0.07381356]

Step 144:
Rewards: 0.7435310779285385
Obs: [-2.0082002e-03 -1.7575189e-03  4.3305177e-03  0.0000000e+00
  0.0000000e+00  0.0000000e+00 -1.0196791e-01 -1.4369428e-01
 -5.2265529e-02 -4.3045630e+00 -8.0050302e-01  3.3784101e+00]
Action: [-0.03618813  0.04174352  0.9715892   0.00707412 -0.012348    0.01640761]

Step 145:
Rewards: 0.7452892220305545
Obs: [-1.9661065e-03 -1.8857134e-03  3.8462079e-03  0.0000000e+00
  0.0000000e+00  0.0000000e+00  5.5169958e-01 -1.5011548e+00
  2.0706961e-02 -5.6415596e+00 -2.0446951e+00 -1.6688389e+00]
Action: [-0.2474972   0.2580341   0.9392929   0.04462934 -0.0503372  -0.09884036]

Step 146:
Rewards: 0.7720884497953511
Obs: [-1.9029594e-03 -1.9461537e-03  3.3507526e-03  0.0000000e+00
  0.0000000e+00  0.0000000e+00  6.7148930e-01 -1.4755944e+00
 -1.0945280e-01 -1.1175297e+00 -3.7070468e-02 -3.7636335e+00]
Action: [-0.29748803  0.07037497  0.97277045  0.0436939  -0.09168077 -0.0605424 ]

Step 147:
Rewards: 0.7488067776286045
Obs: [-1.9325382e-03 -1.8730724e-03  2.8547843e-03  0.0000000e+00
  0.0000000e+00  0.0000000e+00  4.5797431e-01 -1.4833488e+00
 -1.8036571e-01 -8.5899323e-01 -3.7913397e-01 -1.8758067e+00]
Action: [ 0.02191508 -0.20609564  0.954921    0.08756995 -0.06136018 -0.02596253]

Step 148:
Rewards: 0.7502740802373599
Obs: [-1.9910352e-03 -1.7810221e-03  2.3738805e-03  0.0000000e+00
  0.0000000e+00  0.0000000e+00  3.0285421e-01 -1.1265676e+00
 -5.2372456e-02 -1.0071261e+00 -1.6672020e+00 -2.4855328e+00]
Action: [-0.07162309 -0.25340724  0.96007943  0.04352725 -0.10630053 -0.0616408 ]

Step 149:
Rewards: 0.751366147106781
Obs: [-1.7816017e-03 -1.6723383e-03  2.2240740e-03  0.0000000e+00
  0.0000000e+00  0.0000000e+00 -5.1114265e-02 -1.2593846e-02
 -2.4271429e-02  8.5579389e-01  1.7134632e+00  2.5114896e+00]
Action: [-0.56861913 -0.30293834  0.31527066 -0.0032624  -0.0861699   0.04851258]

Step 150:
Rewards: 0.752530563024884
Obs: [-1.64407806e-03 -1.48305087e-03  2.03382969e-03  0.00000000e+00
  0.00000000e+00  0.00000000e+00 -1.01715565e-01 -1.37348413e-01
 -1.37124896e-01  1.01707351e+00  1.96251786e+00  2.19614649e+00]
Action: [-0.31916356 -0.39158678  0.37383473  0.00894761 -0.05475491 -0.00185978]

Step 151:
Rewards: 0.753618485255856
Obs: [-1.5009014e-03 -1.2910670e-03  1.8611640e-03  0.0000000e+00
  0.0000000e+00  0.0000000e+00  7.7342235e-02 -8.5580885e-02
 -9.7233385e-02  1.8687710e+00  1.8886864e+00  1.3036765e+00]
Action: [-0.28771973 -0.37144685  0.3334422   0.00596893 -0.04588294  0.00545776]

Step 152:
Rewards: 0.7607193912116105
Obs: [ 0.          0.          0.          0.          0.          0.
 -0.05821143 -0.00848889 -0.05574312  1.9564942   1.9279517   1.0047147 ]
Action: [-0.24882376 -0.3648579   0.3410344   0.00410962 -0.04845619 -0.0011279 ]

Step 153:
Rewards: 0.7607193912116105
Obs: [ 0.          0.          0.          0.          0.          0.
 -0.15466236 -0.00820283 -0.01466817  1.706101    2.388912    0.39093554]
Action: [-0.02351451 -0.0135287   0.16104102 -0.01881146 -0.00789863  0.00296557]

Step 154:
Rewards: 0.7607193912116105
Obs: [ 0.          0.          0.          0.          0.          0.
 -0.17691335 -0.03873179 -0.02886998  0.27374437  2.065159    1.6680725 ]
Action: [-0.02997667  0.056036    0.15567899 -0.01588529 -0.00627208  0.0043515 ]

Step 155:
Rewards: 0.7607193912116105
Obs: [ 0.          0.          0.          0.          0.          0.
 -0.09661842 -0.1930031  -0.04942266 -0.29123798  1.5780894   0.9837953 ]
Action: [-0.09501588  0.09215391  0.15579474 -0.02105939 -0.00734019  0.01070452]

Step 156:
Rewards: 0.7607193912116105
Obs: [ 0.          0.          0.          0.          0.          0.
  0.02419247 -0.09234805 -0.12859939  0.735097    1.1748947   1.8761748 ]
Action: [-0.13228673  0.05388868  0.1516248  -0.01482522 -0.00085175  0.00748634]

Step 157:
Rewards: 0.7607193912116105
Obs: [ 0.          0.          0.          0.          0.          0.
  0.03656145  0.01992209 -0.2188059   2.38767     1.5461658   1.2345573 ]
Action: [-0.06918699 -0.07403743  0.16086614 -0.01969194 -0.01193649  0.00496244]

Step 158:
Rewards: 0.7607193912116105
Obs: [ 0.          0.          0.          0.          0.          0.
 -0.08546714  0.01404283 -0.12280402  1.8424084   0.6195275   0.41394508]
Action: [ 0.01697421 -0.07994878  0.16372883 -0.01470411 -0.00807202  0.00188172]

Step 159:
Rewards: 0.7607193912116105
Obs: [ 0.          0.          0.          0.          0.          0.
  0.06390595 -0.13653949 -0.04857756  1.0529279   2.1948586   2.3540337 ]
Action: [-0.004233   -0.03546894  0.13657486 -0.01669449 -0.00634277  0.00133693]

Step 160:
Rewards: 0.7607193912116105
Obs: [ 0.          0.          0.          0.          0.          0.
  0.02195467 -0.04895039 -0.12163468  0.28707996  0.05249706  0.7496155 ]
Action: [-0.07367247 -0.0374195   0.17674613 -0.02381569 -0.01211292  0.00613141]

Step 161:
Rewards: 0.7607193912116105
Obs: [ 0.          0.          0.          0.          0.          0.
 -0.03967672 -0.07863023 -0.12855384 -0.6295403   1.0143292   1.1025931 ]
Action: [-0.06062776 -0.07100433  0.13643992 -0.01198006 -0.00033253 -0.0005644 ]

Step 162:
Rewards: 0.7607193912116105
Obs: [ 0.          0.          0.          0.          0.          0.
  0.1075018  -0.01899564 -0.04421528  0.8694309   1.5376043   1.1519644 ]
Action: [-0.10631508  0.00939798  0.14102888 -0.00783145  0.0070014   0.00079596]

Step 163:
Rewards: 0.7607193912116105
Obs: [ 0.          0.          0.          0.          0.          0.
 -0.19065082 -0.08550564  0.03334001  2.3787255   0.22654942 -0.62861395]
Action: [-0.06618887 -0.07265282  0.15559888 -0.01309913 -0.0049606   0.00387287]

Step 164:
Rewards: 0.7607193912116105
Obs: [ 0.          0.          0.          0.          0.          0.
  0.12846415  0.02238783 -0.12428001  1.2923707   1.9288977   2.0178947 ]
Action: [ 0.0139817  -0.00160193  0.12118614 -0.02404511 -0.01389474  0.001127  ]

Step 165:
Rewards: 0.7607193912116105
Obs: [ 0.          0.          0.          0.          0.          0.
  0.12636238 -0.01733311  0.002894    0.77309024  0.5085414   0.6815328 ]
Action: [-0.04015321 -0.08841479  0.16797733 -0.01751369 -0.01046842  0.00518703]

Step 166:
Rewards: 0.7607193912116105
Obs: [ 0.          0.          0.          0.          0.          0.
 -0.08932495 -0.02395791 -0.06164399  0.59951633  2.2234712   1.9010628 ]
Action: [-0.06251466 -0.0789969   0.14312792 -0.01353216 -0.00460809  0.00275409]

Step 167:
Rewards: 0.7607193912116105
Obs: [ 0.          0.          0.          0.          0.          0.
 -0.17706074 -0.1244551   0.02875527  0.27353615  1.523575    0.4086889 ]
Action: [-0.07993287  0.05223286  0.16202426 -0.02029949 -0.00855666  0.00855744]

Step 168:
Rewards: 0.7607193912116105
Obs: [ 0.          0.          0.          0.          0.          0.
 -0.02218546 -0.09168933 -0.18353632  0.5196411   2.5617414   0.3995105 ]
Action: [-0.10585248  0.05872035  0.14310944 -0.01751661 -0.00544119  0.00797582]

Step 169:
Rewards: 0.7607193912116105
Obs: [ 0.          0.          0.          0.          0.          0.
  0.07414117 -0.08433508  0.00708066  0.6803288   1.308589    1.9427768 ]
Action: [-0.06185615  0.02791941  0.14881837 -0.00383902  0.00729859  0.00172114]

Step 170:
Rewards: 1.0
Obs: [  0.           0.           0.           0.           0.
   0.           0.23571417  -0.49383506  -0.1576114   -0.27197906
   4.2492175  -12.444353  ]
Action: [-0.09572893 -0.06056774  0.16239595 -0.02166307 -0.01381379  0.00700343]

Step 171:
Rewards: 1.0
Obs: [ 0.          0.          0.          0.          0.          0.
  0.18629105 -0.4322848   0.0203632   0.7378527   1.9993751  -6.720867  ]
Action: [-0.00157857  0.01188469  0.00593543  0.06396127 -0.00509971 -0.01041669]

Step 172:
Rewards: 1.0
Obs: [ 0.          0.          0.          0.          0.          0.
  0.14027187 -0.47568667 -0.1179927  -0.6995708   2.9606082  -8.910459  ]
Action: [-0.00753337 -0.0025875   0.05540478  0.01830256 -0.01946509  0.00206888]

Step 173:
Rewards: 1.0
Obs: [ 0.          0.          0.          0.          0.          0.
  0.17447463 -0.526087   -0.23746955 -0.9578313   3.052976   -7.3099885 ]
Action: [-0.02514172  0.03058827  0.02850592  0.03990352 -0.00197744 -0.00531483]

Step 174:
Rewards: 1.0
Obs: [ 0.          0.          0.          0.          0.          0.
  0.13006788 -0.2862748  -0.02167314  0.13082592  2.9224174  -6.5565853 ]
Action: [-0.04448432  0.02914166  0.0389992   0.04309499  0.00903177 -0.00476038]

Step 175:
Rewards: 1.0
Obs: [  0.           0.           0.           0.           0.
   0.           0.1598118   -0.44088158  -0.09717634  -0.3064466
   2.6578872  -11.539349  ]
Action: [-0.0019266   0.03247094  0.0503099   0.02683294 -0.00226414 -0.00070536]

Step 176:
Rewards: 1.0
Obs: [ 0.          0.          0.          0.          0.          0.
  0.27626964 -0.28984457 -0.16594616 -2.14724     2.0909045  -5.534901  ]
Action: [-0.01637655 -0.0057143   0.0098424   0.04524231 -0.00542915 -0.00934297]

Step 177:
Rewards: 1.0
Obs: [ 0.          0.          0.          0.          0.          0.
  0.23614767 -0.49335063 -0.25865692  1.0165162   1.3632802  -8.271974  ]
Action: [-0.07544565  0.0409075   0.04270041  0.03774619  0.03290963 -0.00037748]

Step 178:
Rewards: 1.0
Obs: [ 0.          0.          0.          0.          0.          0.
  0.15154569 -0.42150065 -0.27558836 -1.2394063   2.2907784  -7.118898  ]
Action: [ 0.01249838 -0.06084466  0.04045248  0.03268039 -0.01930326 -0.0031296 ]

Step 179:
Rewards: 1.0
Obs: [ 0.          0.          0.          0.          0.          0.
  0.25992766 -0.32026613 -0.1245161  -0.25758982  1.9122827  -7.826255  ]
Action: [-0.03381371  0.01225221  0.03559804  0.04312527  0.01741838 -0.00730163]

Step 180:
Rewards: 1.0
Obs: [ 0.          0.          0.          0.          0.          0.
  0.2077259  -0.43342724 -0.1627244  -1.4556187   1.8406525  -6.951277  ]
Action: [ 0.00260055 -0.01432335  0.03837729  0.03678811 -0.00195926 -0.00099379]

Step 181:
Rewards: 1.0
Obs: [ 0.          0.          0.          0.          0.          0.
  0.16716364 -0.36602    -0.13386165  1.2008226   2.7928867  -8.514386  ]
Action: [-0.05053788  0.01672626  0.03607893  0.03602397  0.0118928  -0.00274265]

Step 182:
Rewards: 1.0
Obs: [ 0.          0.          0.          0.          0.          0.
  0.20755218 -0.48863184 -0.16359913  0.9627016   2.2952795  -8.202296  ]
Action: [ 0.01897085 -0.00667548  0.04306185  0.03595471 -0.01573503 -0.00498962]

Step 183:
Rewards: 1.0
Obs: [ 0.          0.          0.          0.          0.          0.
  0.2221814  -0.5416989  -0.2621707  -0.93752414  2.4140038  -8.090247  ]
Action: [ 0.01163697 -0.02436513  0.04456615  0.03362751 -0.01711428 -0.00258088]

Step 184:
Rewards: 1.0
Obs: [ 0.          0.          0.          0.          0.          0.
  0.16380729 -0.41347578 -0.09594847  0.43663657  2.012738   -7.0471854 ]
Action: [-0.03298861 -0.00145149  0.0321815   0.04526603  0.00413442 -0.00496334]

Step 185:
Rewards: 1.0
Obs: [ 0.          0.          0.          0.          0.          0.
  0.300672   -0.551117   -0.1993329  -0.95655805  1.3456278  -8.301915  ]
Action: [-0.00170147 -0.00292146  0.05010056  0.02684736 -0.00937855 -0.0013113 ]

Step 186:
Rewards: 1.0
Obs: [ 0.          0.          0.          0.          0.          0.
  0.20572062 -0.4164541  -0.22313108 -2.2266364   2.5289752  -7.6443667 ]
Action: [-0.03471792 -0.04358298  0.03248417  0.03990781 -0.00472713  0.00197875]

Step 187:
Rewards: 1.0
Obs: [ 0.          0.          0.          0.          0.          0.
  0.17114855 -0.37563398 -0.11872414 -0.55547994  1.7188232  -7.757375  ]
Action: [-0.06223911  0.03761125  0.02520919  0.04714024  0.028211   -0.00724781]

Step 188:
Rewards: 1.0
Obs: [ 0.          0.          0.          0.          0.          0.
  0.25970986 -0.5978711  -0.05481933  0.264583    2.563422   -7.591463  ]
Action: [-0.01084197  0.00063062  0.03734851  0.03181136 -0.00281084 -0.00223941]

Step 189:
Rewards: 1.0
Obs: [ 0.          0.          0.          0.          0.          0.
  0.32635465 -0.46378204 -0.2720381   0.3427439   1.9605211  -9.973296  ]
Action: [-0.03378916 -0.0049938   0.04807258  0.02857554 -0.01651436  0.00098658]

Step 190:
Rewards: 1.0
Obs: [ 0.          0.          0.          0.          0.          0.
  0.1031926  -0.4754394  -0.03643516 -1.0127883   3.3184335  -7.0519853 ]
Action: [ 0.0060358  -0.07536811  0.02274501  0.05053926 -0.00869548 -0.00269425]

Step 191:
Rewards: 1.0
Obs: [ 0.          0.          0.          0.          0.          0.
  0.3356887  -0.4970254  -0.17332827 -0.40902278  2.0821776  -7.620143  ]
Action: [-0.05583364  0.08583164  0.04055047  0.02959394  0.0024209   0.00013435]

Step 192:
Rewards: 1.0
Obs: [ 0.          0.          0.          0.          0.          0.
  0.26593757 -0.5738392  -0.19960782  1.1899472   2.117115   -7.2088833 ]
Action: [-0.02368742 -0.03511745  0.04068732  0.03992808 -0.00572187  0.00267911]

Step 193:
Rewards: 1.0
Obs: [ 0.          0.          0.          0.          0.          0.
  0.228395   -0.69980884 -0.3139545  -1.2263739   1.663453   -8.792685  ]
Action: [ 0.00315726 -0.03771776  0.05544043  0.03192067 -0.02198303  0.00129175]

Step 194:
Rewards: 1.0
Obs: [ 0.          0.          0.          0.          0.          0.
  0.26107922 -0.37722105 -0.10246854  1.199636    2.640685   -6.903176  ]
Action: [-0.05043054 -0.02054513  0.02649844  0.04505038 -0.00281841 -0.00270152]

Step 195:
Rewards: 1.0
Obs: [ 0.          0.          0.          0.          0.          0.
  0.33020642 -0.4975891  -0.21873291 -0.5534959   3.028769   -7.220802  ]
Action: [ 0.01731944 -0.01529425  0.05528986  0.03198242 -0.01352042  0.00094676]

Step 196:
Rewards: 1.0
Obs: [ 0.          0.          0.          0.          0.          0.
  0.23248546 -0.45841116 -0.12963514 -0.53550047  1.9173821  -7.0366154 ]
Action: [-0.03355545 -0.00507659  0.04373014  0.04555213  0.00640678 -0.00199246]

Step 197:
Rewards: 1.0
Obs: [ 0.          0.          0.          0.          0.          0.
  0.28956366 -0.68254584 -0.2169781  -0.41281003  3.1465776  -8.872134  ]
Action: [-0.02750742 -0.00352466  0.04324329  0.03135538 -0.00489575  0.00092173]

Step 198:
Rewards: 1.0
Obs: [ 0.          0.          0.          0.          0.          0.
  0.26503292 -0.499798   -0.09218084  0.9903748   1.8812623  -7.5292034 ]
Action: [-0.03587645  0.00108016  0.03351605  0.04673815 -0.00734121 -0.00205618]

Step 199:
Rewards: 1.0
Obs: [ 0.          0.          0.          0.          0.          0.
  0.36171687 -0.5224675  -0.13758335 -1.3844839   2.2891011  -7.4218698 ]
Action: [ 0.00188375 -0.03486151  0.05202079  0.02829814 -0.022201    0.00180793]

Step 200:
Rewards: 1.0
Obs: [ 0.          0.          0.          0.          0.          0.
  0.19054762 -0.5887451  -0.10817249 -0.0118345   2.216052   -8.387138  ]
Action: [-0.06285959  0.00037086  0.03556526  0.04115093  0.00756609  0.00050783]

Step 201:
Rewards: 1.0
Obs: [ 0.          0.          0.          0.          0.          0.
  0.41427702 -0.32920122 -0.17816892  0.13033505  1.4101846  -7.9293313 ]
Action: [-0.02809852 -0.00793016  0.04003799  0.0326947  -0.01221001 -0.00187141]

Step 202:
Rewards: 1.0
Obs: [ 0.          0.          0.          0.          0.          0.
  0.35386315 -0.55069625 -0.15159273  0.29161245  1.6630602  -8.679942  ]
Action: [ 0.01550937 -0.06192464  0.03818274  0.04189467 -0.00467443  0.00320292]

Step 203:
Rewards: 1.0
Obs: [ 0.          0.          0.          0.          0.          0.
  0.26559824 -0.42327693 -0.23213966 -1.4726151   2.5511944  -7.251815  ]
Action: [-0.0085941  -0.06134075  0.03818214  0.03990006 -0.01497442  0.00245869]

Step 204:
Rewards: 1.0
Obs: [ 0.          0.          0.          0.          0.          0.
  0.49017346 -0.4356615  -0.24578403  0.22646621  0.23951077 -7.370578  ]
Action: [-0.04711211  0.01195252  0.03410578  0.04656434  0.02130854 -0.00548792]

Step 205:
Rewards: 1.0
Obs: [ 0.          0.          0.          0.          0.          0.
  0.36359382 -0.5074216  -0.01916264 -1.1998152   1.7102364  -6.080583  ]
Action: [ 0.00508451 -0.10815185  0.0422188   0.03920114 -0.00819904  0.00730252]

Step 206:
Rewards: 1.0
Obs: [  0.           0.           0.           0.           0.
   0.           0.38996413  -0.45204958  -0.14529769  -0.86222154
   2.2119079  -10.327627  ]
Action: [-0.08124626  0.01256633  0.0499382   0.02618182  0.00033045  0.00939977]

Step 207:
Rewards: 1.0
Obs: [ 0.          0.          0.          0.          0.          0.
  0.24443921 -0.53132915 -0.22505672  0.228758    1.416318   -4.0504904 ]
Action: [-0.01075858 -0.05105567  0.01599538  0.05249703 -0.00026727 -0.00066972]

Step 208:
Rewards: 1.0
Obs: [ 0.          0.          0.          0.          0.          0.
  0.47061193 -0.49833748 -0.08992274  0.67566556  2.7865934  -9.691762  ]
Action: [-0.04365289 -0.03105921  0.08180881  0.0211122  -0.00743073  0.00698829]

Step 209:
Rewards: 1.0
Obs: [ 0.          0.          0.          0.          0.          0.
  0.41107798 -0.6310923   0.01962742 -0.43167883  1.322703   -7.702167  ]
Action: [ 0.00997591 -0.06044191  0.03272438  0.04963195 -0.01698643  0.00395811]

Step 210:
Rewards: 1.0
Obs: [ 0.          0.          0.          0.          0.          0.
  0.37902647 -0.48649877 -0.1389926  -2.0292628   2.106513   -8.976903  ]
Action: [-0.05789483 -0.04865921  0.04374242  0.02731907 -0.01887935  0.00885391]

Step 211:
Rewards: 1.0
Obs: [ 0.          0.          0.          0.          0.          0.
  0.12399556 -0.28702983 -0.0295528   0.44366264  1.5298039  -6.7442656 ]
Action: [-0.05889571 -0.00326926  0.01867139  0.0487144   0.01415849 -0.00335675]

Step 212:
Rewards: 1.0
Obs: [ 0.          0.          0.          0.          0.          0.
  0.31083527 -0.6180764  -0.08008026  0.77417296  0.7462988  -8.570392  ]
Action: [ 0.00760388  0.00748408  0.05083537  0.02053344 -0.00829035 -0.00092477]

Step 213:
Rewards: 1.0
Obs: [ 0.          0.          0.          0.          0.          0.
  0.42775795 -0.5396575  -0.16503446 -0.83949405  0.6230985  -9.130702  ]
Action: [-0.00994051 -0.0721485   0.04217851  0.02253115 -0.03352427  0.00320542]

Step 214:
Rewards: 1.0
Obs: [ 0.          0.          0.          0.          0.          0.
  0.2833702  -0.49990377 -0.1771     -0.95697933  1.4243246  -8.446631  ]
Action: [-0.02858675 -0.08549094  0.02551246  0.04238629 -0.00716859  0.00493884]

Step 215:
Rewards: 1.0
Obs: [ 0.          0.          0.          0.          0.          0.
  0.41304117 -0.43912715  0.03284794  0.27809238  0.3244512  -5.741817  ]
Action: [-0.02865648 -0.03543442  0.03101254  0.03984106 -0.00271606  0.00062728]

Step 216:
Rewards: 1.0
Obs: [ 0.          0.          0.          0.          0.          0.
  0.37055883 -0.5311205  -0.1507465   0.29443067  1.1027548  -9.404755  ]
Action: [-0.03010279 -0.0730325   0.0618192   0.01704478 -0.02036691  0.0130589 ]

Step 217:
Rewards: 1.0
Obs: [ 0.          0.          0.          0.          0.          0.
  0.21355586 -0.48454806 -0.16043289 -1.0053446   0.23780501 -9.143996  ]
Action: [-0.00438911 -0.08235258  0.02932096  0.03703475 -0.01884079  0.00113893]

Step 218:
Rewards: 1.0
Obs: [ 0.          0.          0.          0.          0.          0.
  0.43600023 -0.38363087 -0.10960657 -1.2451862   0.42002034 -6.286363  ]
Action: [-0.0214864  -0.05231375  0.01910579  0.03018355 -0.00447339 -0.00217336]

Step 219:
Rewards: 1.0
Obs: [ 0.          0.          0.          0.          0.          0.
  0.32422552 -0.52897847 -0.17360726 -1.5343039   1.3240225  -8.755782  ]
Action: [-0.04042876 -0.05416304  0.04344428  0.03173983  0.00328362  0.00788939]

Step 220:
Rewards: 1.0
Obs: [ 0.          0.          0.          0.          0.          0.
  0.50701404 -0.39574036 -0.20892446  0.22058445  2.4006717  -7.5426526 ]
Action: [-0.04646021 -0.03214437  0.02473092  0.04298306  0.00298488  0.00010622]

Step 221:
Rewards: 1.0
Obs: [ 0.          0.          0.          0.          0.          0.
  0.44673508 -0.57493633 -0.2705968  -0.64998376  1.1072844  -6.592655  ]
Action: [ 0.00345862 -0.06619263  0.04521096  0.04993737 -0.00248224  0.00606859]

Step 222:
Rewards: 1.0
Obs: [ 0.          0.          0.          0.          0.          0.
  0.4335432  -0.41921204  0.03212944 -1.1792831   0.22939989 -9.285964  ]
Action: [-0.04247212 -0.07746691  0.04728949  0.04034889 -0.00276029  0.00746632]

Step 223:
Rewards: 1.0
Obs: [ 0.          0.          0.          0.          0.          0.
  0.2663386  -0.5159329  -0.17478043 -0.47538778  0.48239172 -7.1935    ]
Action: [-0.03685427 -0.06481022  0.01958859  0.03401327 -0.00469899  0.00614285]

Step 224:
Rewards: 1.0
Obs: [ 0.          0.          0.          0.          0.          0.
  0.43847308 -0.4199453  -0.1816768  -1.9658519   1.0512596  -7.51088   ]
Action: [-0.0267427  -0.0522275   0.04265666  0.030496   -0.00639921  0.00414693]

Step 225:
Rewards: 1.0
Obs: [ 0.          0.          0.          0.          0.          0.
  0.34374768 -0.21954054 -0.03792823  0.41259795  1.6167754  -7.246145  ]
Action: [-0.05318326 -0.04262757  0.02934146  0.04408181  0.01626849  0.00151014]

Step 226:
Rewards: 1.0
Obs: [ 0.          0.          0.          0.          0.          0.
  0.3988683  -0.728314   -0.12948015 -0.5228654   0.3133674  -7.272061  ]
Action: [ 0.0132345  -0.02892339  0.04723382  0.03375077 -0.00400585  0.00342059]

Step 227:
Rewards: 1.0
Obs: [ 0.          0.          0.          0.          0.          0.
  0.35158354 -0.57867235 -0.17785014 -0.3570443   0.738274   -9.052372  ]
Action: [-0.05923647 -0.08204782  0.04555082  0.02802384 -0.0201391   0.01049149]

Step 228:
Rewards: 1.0
Obs: [ 0.          0.          0.          0.          0.          0.
  0.44551253 -0.5329012  -0.06689959  0.53210473  1.6275718  -8.668785  ]
Action: [-0.02152824 -0.07808244  0.0285269   0.03776717 -0.01142967  0.0022521 ]

Step 229:
Rewards: 1.0
Obs: [ 0.          0.          0.          0.          0.          0.
  0.5293665  -0.63226086 -0.10192291 -1.0060046   1.7686814  -7.914437  ]
Action: [-0.00780553 -0.07349002  0.04206932  0.03861511 -0.02178347  0.00648618]

Step 230:
Rewards: 1.0
Obs: [ 0.          0.          0.          0.          0.          0.
  0.4802936  -0.61012757 -0.06481887 -0.70164657  0.3850672  -7.4951177 ]
Action: [-0.0649696  -0.05883133  0.03660572  0.04078543 -0.0087375   0.00927866]

Step 231:
Rewards: 1.0
Obs: [ 0.          0.          0.          0.          0.          0.
  0.48120514 -0.6516358  -0.14981979 -0.9189373   0.4478139  -7.095587  ]
Action: [-0.05318451 -0.08574128  0.04203582  0.03161407 -0.01399273  0.01155376]

Step 232:
Rewards: 1.0
Obs: [  0.           0.           0.           0.           0.
   0.           0.40574962  -0.8569897   -0.0435528   -0.17064425
  -0.10989617 -10.367954  ]
Action: [-0.06090975 -0.08801049  0.04280365  0.03469992 -0.00918335  0.01128805]

Step 233:
Rewards: 1.0
Obs: [ 0.          0.          0.          0.          0.          0.
  0.4339269  -0.71714807 -0.24029708  0.2895742   0.39384118 -7.155716  ]
Action: [-0.05485606 -0.10819262  0.02617037  0.02320099 -0.04251999  0.00674057]

Step 234:
Rewards: 1.0
Obs: [ 0.          0.          0.          0.          0.          0.
  0.1643877  -0.76851046  0.06193103 -1.110201    0.9281186  -9.366101  ]
Action: [-0.03140759 -0.10045058  0.05052805  0.03258359 -0.02317882  0.00921154]

Step 235:
Rewards: 1.0
Obs: [ 0.          0.          0.          0.          0.          0.
  0.06152888 -0.5619337  -0.19527023  0.4135341   0.8959932  -9.811031  ]
Action: [-0.08213478  0.00744069  0.02933407  0.01934254 -0.02246058  0.00177515]

Step 236:
Rewards: 1.0
Obs: [ 0.          0.          0.          0.          0.          0.
  0.17178822 -0.4675758  -0.13611224  0.4137639   1.4764096  -7.6409044 ]
Action: [-0.00910676 -0.04723752  0.02474833  0.02403629 -0.02367771 -0.00944442]

Step 237:
Rewards: 1.0
Obs: [ 0.          0.          0.          0.          0.          0.
  0.18078327 -0.64860153 -0.18152021  1.4036797   0.779673   -8.5494    ]
Action: [-0.00150734 -0.02401149  0.04537511  0.02775872 -0.01311898 -0.00145042]

Step 238:
Rewards: 1.0
Obs: [  0.           0.           0.           0.           0.
   0.           0.24500257  -0.47068855  -0.22422263   0.51173747
   1.4211785  -10.255333  ]
Action: [-0.00034326 -0.06835943  0.04372454  0.01907885 -0.03968751 -0.00250208]

Step 239:
Rewards: 1.0
Obs: [ 0.          0.          0.          0.          0.          0.
  0.09505772 -0.3278754  -0.0802784   1.1031222   0.4819474  -9.556469  ]
Action: [ 0.00331914 -0.07628596  0.02156663  0.03960037 -0.01756448 -0.00521713]

Step 240:
Rewards: 1.0
Obs: [ 0.          0.          0.          0.          0.          0.
  0.05807797 -0.3570253  -0.06101444  3.0727024   2.8897598  -9.149956  ]
Action: [ 0.03239882 -0.04979086  0.02650368  0.01402307 -0.02642947 -0.0093382 ]

Step 241:
Rewards: 1.0
Obs: [ 0.0000000e+00  0.0000000e+00  0.0000000e+00  0.0000000e+00
  0.0000000e+00  0.0000000e+00  1.0440783e-01 -3.7685397e-01
 -1.0920076e-01 -1.1956927e-03  3.9132199e+00 -1.1442247e+01]
Action: [ 0.06908476 -0.00841522  0.04663765  0.02132332 -0.04134208 -0.00804269]

Step 242:
Rewards: 1.0
Obs: [  0.           0.           0.           0.           0.
   0.          -0.43910939  -0.26939774   0.07047723  -1.8241792
  -0.8983852  -13.919209  ]
Action: [ 0.00287592  0.01595461  0.01344669  0.05126679 -0.00344658 -0.01140213]

Step 243:
Rewards: 1.0
Obs: [ 0.          0.          0.          0.          0.          0.
 -0.2908309  -0.1932456  -0.10646997 -0.6606005   1.3515885  -9.303389  ]
Action: [-0.01478618  0.01418638 -0.02696866 -0.02665341 -0.00930315 -0.02198941]

Step 244:
Rewards: 1.0
Obs: [  0.           0.           0.           0.           0.
   0.          -0.3273822   -0.12636328  -0.16221714   0.03639375
  -0.34212303 -11.535014  ]
Action: [-0.003232    0.0373677   0.01779842  0.01472604  0.0014143  -0.01640582]

Step 245:
Rewards: 1.0
Obs: [  0.           0.           0.           0.           0.
   0.          -0.26002428  -0.19516887   0.05432061  -1.0752052
   1.130074   -10.2547    ]
Action: [ 0.04511964  0.00468826 -0.00668311 -0.00723237 -0.00512409 -0.02609712]

Step 246:
Rewards: 1.0
Obs: [  0.           0.           0.           0.           0.
   0.          -0.33328408  -0.06111237  -0.09681121  -1.0777568
   0.2669803  -11.66986   ]
Action: [-0.01711106  0.04211628  0.00789309  0.00905848  0.00037456 -0.01433593]

Step 247:
Rewards: 1.0
Obs: [  0.           0.           0.           0.           0.
   0.          -0.36165717  -0.24837662  -0.04549642  -1.8593043
  -0.23480575 -10.416871  ]
Action: [ 0.01817238  0.01030159 -0.01261991  0.00263202  0.0104785  -0.02421933]

Step 248:
Rewards: 1.0
Obs: [ 0.          0.          0.          0.          0.          0.
 -0.29851237 -0.24433763 -0.16765766 -1.3402803  -0.271026   -9.900088  ]
Action: [-0.03042436  0.02704394 -0.00220269 -0.00179172  0.0048039  -0.01611334]

Step 249:
Rewards: 1.0
Obs: [  0.           0.           0.           0.           0.
   0.          -0.1952916   -0.30926257  -0.17028435  -0.4812124
   0.0136637  -10.590836  ]
Action: [-0.00984865  0.00908041  0.00287735  0.00430679  0.00379324 -0.01818413]

Step 250:
Rewards: 1.0
Obs: [  0.           0.           0.           0.           0.
   0.          -0.23004012  -0.29520082  -0.18222892  -0.8695715
   1.3320253  -10.472579  ]
Action: [ 0.00457644 -0.00765395  0.00412071  0.00754607 -0.00743693 -0.01896203]

Step 251:
Rewards: 1.0
Obs: [  0.           0.           0.           0.           0.
   0.          -0.23122938  -0.20814784  -0.0821224   -1.0130081
  -0.6604127  -12.409517  ]
Action: [-0.01086986  0.01053703  0.00654113  0.02191651 -0.0005002  -0.01914465]

Step 252:
Rewards: 1.0
Obs: [  0.           0.           0.           0.           0.
   0.          -0.39462656  -0.42447162   0.02612972  -1.5035868
   0.2803692  -10.779107  ]
Action: [ 0.00320315 -0.00091153 -0.01543754 -0.00435317 -0.00254583 -0.02140689]

Step 253:
Rewards: 1.0
Obs: [ 0.          0.          0.          0.          0.          0.
 -0.11524539 -0.27002153 -0.14121665 -0.44720557 -0.7395144  -9.040793  ]
Action: [-0.04145771  0.05376506  0.00273001 -0.00506431 -0.01049882 -0.01432514]

Step 254:
Rewards: 1.0
Obs: [  0.           0.           0.           0.           0.
   0.          -0.14258637  -0.27477238  -0.11159888  -0.9508313
   0.5740722  -11.011982  ]
Action: [ 0.00428331 -0.01533145  0.01596737  0.00480664 -0.01021689 -0.01215309]

Step 255:
Rewards: 1.0
Obs: [  0.           0.           0.           0.           0.
   0.          -0.09742473  -0.13182053  -0.13034454  -1.5213965
   0.6493905  -11.667964  ]
Action: [-0.0087471   0.00773263 -0.00038922  0.01654685 -0.00052351 -0.01774973]

Step 256:
Rewards: 1.0
Obs: [ 0.0000000e+00  0.0000000e+00  0.0000000e+00  0.0000000e+00
  0.0000000e+00  0.0000000e+00 -2.2554857e-01 -4.1591015e-01
  6.8350494e-02  6.5957714e-04 -4.5770675e-02 -1.2281947e+01]
Action: [-0.00811398  0.00903738 -0.01142836  0.02214408  0.01037204 -0.01925051]

Step 257:
Rewards: 1.0
Obs: [  0.           0.           0.           0.           0.
   0.          -0.1999691   -0.19348107   0.02722631  -2.8839493
   0.46980587 -13.728798  ]
Action: [ 0.00415897  0.01246428 -0.00206798 -0.01224774 -0.0302062  -0.01898712]

Step 258:
Rewards: 1.0
Obs: [  0.           0.           0.           0.           0.
   0.          -0.3019769   -0.16933541  -0.06972325  -0.612464
   0.50327796 -10.657354  ]
Action: [-0.05090851  0.00603855 -0.03096229  0.01068163  0.01374102 -0.02021933]

Step 259:
Rewards: 1.0
Obs: [ 0.0000000e+00  0.0000000e+00  0.0000000e+00  0.0000000e+00
  0.0000000e+00  0.0000000e+00 -2.9251218e-01 -2.8472361e-01
  7.9089338e-03 -1.3744630e+00 -1.2281510e+00 -1.1104590e+01]
Action: [ 0.01400411  0.0125165   0.0020206   0.00306225 -0.00104356 -0.02115208]

Step 260:
Rewards: 1.0
Obs: [ 0.          0.          0.          0.          0.          0.
 -0.29642537 -0.15740114  0.19137491 -4.070498    1.5207486  -9.63383   ]
Action: [-0.01507008  0.01455474 -0.00402409 -0.01782137 -0.01211882 -0.01517987]

Step 261:
Rewards: 1.0
Obs: [ 0.          0.          0.          0.          0.          0.
 -0.29559112 -0.3777437  -0.16425133 -0.8700859  -0.44852534 -9.269752  ]
Action: [-0.08709222  0.14472318  0.00234783  0.00605607  0.02217555  0.00060499]

Step 262:
Rewards: 1.0
Obs: [  0.           0.           0.           0.           0.
   0.          -0.25258     -0.43700024   0.13425864  -2.6314518
   1.2654605  -10.45862   ]
Action: [-0.01503021  0.01147866  0.01398206  0.00036442 -0.00891232 -0.01534104]

Step 263:
Rewards: 1.0
Obs: [  0.           0.           0.           0.           0.
   0.          -0.19329958  -0.41622505  -0.09357829  -1.1478202
   0.5872678  -10.909075  ]
Action: [-0.07144773  0.1061182   0.0029335   0.00845027  0.00222921 -0.003622  ]

Step 264:
Rewards: 1.0
Obs: [ 0.00000000e+00  0.00000000e+00  0.00000000e+00  0.00000000e+00
  0.00000000e+00  0.00000000e+00 -3.41806084e-01 -4.46540415e-01
 -5.78498375e-03 -9.69567060e-01  1.13941729e+00 -1.26985235e+01]
Action: [-0.02909613  0.01137269  0.00254416  0.0134294  -0.00671011 -0.01711422]

Step 265:
Rewards: 1.0
Obs: [ 0.          0.          0.          0.          0.          0.
 -0.4005019  -0.35088608 -0.02227935 -2.450042    0.8029551  -8.952754  ]
Action: [-0.01973701  0.03702128 -0.00973094  0.0045476  -0.01272458 -0.02265096]

Step 266:
Rewards: 1.0
Obs: [  0.           0.           0.           0.           0.
   0.          -0.23472545  -0.4819772    0.04333078  -1.8436848
   1.0942074  -12.179701  ]
Action: [-5.7638109e-02  1.1381984e-01  1.2361407e-02  2.4795532e-05
  2.6195049e-03 -5.8989525e-03]

Step 267:
Rewards: 1.0
Obs: [  0.           0.           0.           0.           0.
   0.          -0.6178764   -0.41770908  -0.0320536   -1.4307698
   1.9176985  -13.174329  ]
Action: [-0.06017846  0.04480422 -0.00765246  0.0121268  -0.00625169 -0.01554966]

Step 268:
Rewards: 1.0
Obs: [  0.           0.           0.           0.           0.
   0.          -0.4103164   -0.34395662  -0.02917754   0.34182522
   0.7343117  -10.53438   ]
Action: [-0.00142556  0.12686324 -0.01838148 -0.00349158 -0.00027579 -0.02476496]

Step 269:
Rewards: 1.0
Obs: [  0.           0.           0.           0.           0.
   0.          -0.52326196  -0.37967667  -0.1629535   -3.324515
   0.7733426  -12.13442   ]
Action: [ 0.02745402  0.02312386  0.01322293 -0.00914699 -0.02446395 -0.02164632]

Step 270:
Rewards: 1.0
Obs: [  0.           0.           0.           0.           0.
   0.          -0.36937752  -0.379147     0.08002201  -2.7619748
  -0.78149885 -10.284744  ]
Action: [-0.07207799  0.09116828 -0.02067375 -0.00036991  0.01068354 -0.02057475]

Step 271:
Rewards: 1.0
Obs: [ 0.          0.          0.          0.          0.          0.
 -0.5355572  -0.2976516  -0.05562346 -1.9293584   1.0121247  -9.998645  ]
Action: [-0.08403546  0.06046414 -0.00122792 -0.01166582 -0.00071704 -0.00718546]

Step 272:
Rewards: 1.0
Obs: [ 0.          0.          0.          0.          0.          0.
 -0.47317234 -0.10990781  0.06061035 -1.3261756   2.7335782  -7.6587176 ]
Action: [-0.04001957  0.10714686  0.00583589 -0.0027113   0.00499153 -0.0144679 ]

Step 273:
Rewards: 1.0
Obs: [  0.           0.           0.           0.           0.
   0.          -0.3338173   -0.46078223   0.06345759  -1.424799
   0.20984228 -11.173359  ]
Action: [-0.01997006  0.17903078  0.03178954  0.00645363  0.00584424 -0.00199759]

Step 274:
Rewards: 1.0
Obs: [ 0.          0.          0.          0.          0.          0.
 -0.4333516  -0.3813796   0.09215145 -3.043377    2.5472157  -9.822429  ]
Action: [-0.04457653  0.03702366  0.0018338  -0.00603217 -0.01682413 -0.01414913]

Step 275:
Rewards: 1.0
Obs: [  0.           0.           0.           0.           0.
   0.          -0.5454177   -0.41206548   0.02132096  -1.6203133
   0.5517524  -11.52372   ]
Action: [-0.07227534  0.18542767  0.00836539  0.00488651  0.00457847 -0.00162077]

Step 276:
Rewards: 1.0
Obs: [  0.           0.           0.           0.           0.
   0.          -0.55775815  -0.4236024    0.10521635  -3.0083122
   0.8589081  -12.38078   ]
Action: [-0.03503329  0.07951772 -0.00384742 -0.01201349 -0.00826174 -0.01809436]

Step 277:
Rewards: 1.0
Obs: [ 0.          0.          0.          0.          0.          0.
 -0.39288503 -0.21150498  0.21655947 -1.1325037   0.75600904 -9.095061  ]
Action: [-0.07620376  0.12510431 -0.01586902 -0.01125759  0.00338364 -0.01444715]

Step 278:
Rewards: 1.0
Obs: [  0.           0.           0.           0.           0.
   0.          -0.4381684   -0.48761764   0.1709237   -1.9740192
   2.2793257  -10.770192  ]
Action: [-0.02430516  0.10092938  0.02005589 -0.01023197 -0.0106014  -0.00428855]

Step 279:
Rewards: 1.0
Obs: [  0.           0.           0.           0.           0.
   0.          -0.57227045  -0.24073745   0.08054633  -3.679109
   2.9455445  -10.240578  ]
Action: [-0.06974179  0.16683674  0.00975227  0.00033486 -0.00839353 -0.00505245]

Step 280:
Rewards: 1.0
Obs: [ 0.          0.          0.          0.          0.          0.
 -0.5101254  -0.21502438  0.06910081 -1.0326196  -0.18150468 -8.840115  ]
Action: [-0.06215835  0.23558211 -0.00213158 -0.0008893   0.01747072 -0.00488472]

Step 281:
Rewards: 1.0
Obs: [  0.           0.           0.           0.           0.
   0.          -0.88341874  -0.43510455   0.1637592   -4.8476458
   3.1118577  -10.083359  ]
Action: [-0.0116201   0.08225656  0.01699066 -0.01902306 -0.00910813 -0.00990975]

Step 282:
Rewards: 1.0
Obs: [ 0.          0.          0.          0.          0.          0.
 -0.58305913 -0.3518121   0.18298419 -2.1777327   2.3165097  -6.818672  ]
Action: [-0.12698305  0.31818843  0.00721037 -0.02370614  0.01324713  0.01903474]

Step 283:
Rewards: 1.0
Obs: [  0.           0.           0.           0.           0.
   0.          -0.6529241   -0.3343886   -0.07684228  -1.5335711
   2.692225   -11.93277   ]
Action: [-0.08214945  0.24683416  0.04480886 -0.00683105  0.00396132  0.0188098 ]

Step 284:
Rewards: 1.0
Obs: [ 0.          0.          0.          0.          0.          0.
 -0.59303653 -0.27744383  0.01852212 -2.1241746   0.5067591  -9.773329  ]
Action: [ 0.00243294  0.17068124 -0.00876772  0.00384212  0.01099277 -0.02182376]

Step 285:
Rewards: 1.0
Obs: [ 0.          0.          0.          0.          0.          0.
 -0.59046704 -0.4017315  -0.08631677 -1.1638627   2.0937335  -9.76017   ]
Action: [-0.04578465  0.12227356  0.00555968 -0.01322192  0.00462079 -0.01190215]

Step 286:
Rewards: 1.0
Obs: [ 0.0000000e+00  0.0000000e+00  0.0000000e+00  0.0000000e+00
  0.0000000e+00  0.0000000e+00 -7.4381000e-01 -4.1279703e-01
  6.2785223e-03 -9.4326514e-01  3.2268667e+00 -1.0242313e+01]
Action: [-0.02449822  0.14607179  0.01540041  0.00173032  0.00108886 -0.01484019]

Step 287:
Rewards: 1.0
Obs: [ 0.          0.          0.          0.          0.          0.
 -0.6924092  -0.3517191  -0.01360196  0.13679157  2.4614768  -9.272407  ]
Action: [-1.6534328e-04  2.2539902e-01  1.4106154e-02 -7.1212053e-03
 -2.0101070e-03 -1.3129532e-02]

Step 288:
Rewards: 1.0
Obs: [  0.           0.           0.           0.           0.
   0.          -0.73867756  -0.33672      0.07059925  -2.317514
   2.2819648  -10.442557  ]
Action: [ 0.02436149  0.17393672  0.02607548 -0.0079987  -0.01196116 -0.01358074]

Step 289:
Rewards: 1.0
Obs: [  0.           0.           0.           0.           0.
   0.          -0.56840444  -0.40014973   0.01214541  -1.1405109
   2.7249014  -10.064882  ]
Action: [-0.03968257  0.22535205  0.00349116 -0.01288909  0.00802648 -0.00933605]

Step 290:
Rewards: 1.0
Obs: [  0.           0.           0.           0.           0.
   0.          -0.78266144  -0.51128733  -0.17262913  -0.2535528
   1.1802627  -11.113404  ]
Action: [-0.02408284  0.17547953  0.01519668  0.00230753 -0.00110751 -0.0114755 ]

Step 291:
Rewards: 1.0
Obs: [ 0.          0.          0.          0.          0.          0.
 -0.8241595  -0.40938193  0.03379043 -0.5628942   2.225921   -9.499089  ]
Action: [ 0.01565814  0.12602222  0.00688219 -0.02050364 -0.01797509 -0.0253545 ]

Step 292:
Rewards: 1.0
Obs: [ 0.          0.          0.          0.          0.          0.
 -0.59555966 -0.2759421   0.04560619 -3.0304737   1.5671352  -9.622708  ]
Action: [ 0.00527525  0.21605909  0.02092206 -0.02096355 -0.01213402 -0.01088399]

Step 293:
Rewards: 1.0
Obs: [ 0.          0.          0.          0.          0.          0.
 -0.71415615 -0.2540671  -0.0531013  -1.0518645   2.3735344  -8.5130825 ]
Action: [-0.07034755  0.18517983  0.00567102 -0.00926608  0.00616217 -0.00549918]

Step 294:
Rewards: 1.0
Obs: [ 0.          0.          0.          0.          0.          0.
 -0.7771535  -0.26187515  0.20323306 -1.5131568   2.5982966  -9.105653  ]
Action: [-0.00314796  0.19503379  0.02378273 -0.00609362  0.00727773 -0.01072121]

Step 295:
Rewards: 1.0
Obs: [ 0.          0.          0.          0.          0.          0.
 -0.87237304 -0.23484683  0.11399059 -0.19667734  2.4715128  -7.37457   ]
Action: [-0.01727927  0.2591381   0.02132118 -0.02072054 -0.00201005 -0.00052589]

Step 296:
Rewards: 1.0
Obs: [ 0.          0.          0.          0.          0.          0.
 -0.67958075 -0.37748817  0.18660764 -2.659818    1.4990644  -9.948628  ]
Action: [ 0.01995695  0.24734771  0.03910565 -0.02315789 -0.00873911 -0.00142127]

Step 297:
Rewards: 1.0
Obs: [  0.           0.           0.           0.           0.
   0.          -0.78277975  -0.26974264   0.17262149  -1.7372637
   2.9247541  -10.955035  ]
Action: [-0.07194722  0.21139002  0.00957632 -0.02054971 -0.00160164 -0.00146288]

Step 298:
Rewards: 1.0
Obs: [  0.           0.           0.           0.           0.
   0.          -0.82178056  -0.24639408   0.10713622  -1.4706267
   3.5483632  -10.579606  ]
Action: [ 0.00170386  0.25762475  0.00286448 -0.01740861  0.00374317 -0.00915205]

Step 299:
Rewards: 1.0
Obs: [ 0.          0.          0.          0.          0.          0.
 -0.66675854 -0.21751721  0.01022872 -1.0752928   2.8460205  -9.618447  ]
Action: [ 0.01675022  0.2715727   0.00660503 -0.01289105  0.00857389 -0.01094502]

Step 300:
Rewards: 1.0
Obs: [ 2.2304415e-04 -2.5388016e-03 -8.9602033e-04  0.0000000e+00
  0.0000000e+00  0.0000000e+00 -5.5653167e-01 -4.6742237e-01
  1.5795445e-01 -2.8942588e-01  1.9192104e+00 -1.0741715e+01]
Action: [ 0.00950992  0.19862616  0.01494682 -0.00218689  0.00893676 -0.01248682]

