Step 1:
Rewards: 0.0033333333333333335
Obs: [ 3.92228039e-03 -1.43058095e-02  7.74092600e-02 -1.63413472e-02
 -1.57701538e-03  4.35931943e-02  1.61283433e-01 -5.73693275e-01
  1.37014151e-01  2.66540980e+00  1.89169757e-02  1.22665048e+00]
Action: [ 0.05606389 -0.894223    0.8526714   0.94322133  0.21489322 -0.5290528 ]

Step 2:
Rewards: 0.0033333333333333335
Obs: [ 0.00348281 -0.01488057  0.07681173 -0.00819792 -0.00295701  0.04250292
  0.45924997 -0.28954455  0.3081675  -0.00476575  0.25796664  1.4176159 ]
Action: [ 0.65432835 -0.24616253  0.95223975 -0.7778883   0.11813962  0.11191142]

Step 3:
Rewards: 0.0033333333333333335
Obs: [ 2.9896435e-03 -1.5407734e-02  7.6227948e-02 -4.9055566e-04
 -5.0017601e-03  4.1442141e-02  2.3626766e-01 -5.8695155e-01
 -4.7363496e-01  1.8061169e+00  2.4817197e+00 -3.5136738e-01]
Action: [ 0.6090349  -0.25463343  0.95365894 -0.74738634  0.17685413  0.10663176]

Step 4:
Rewards: 0.0033333333333333335
Obs: [ 0.00254053 -0.01589844  0.07565012  0.00650522 -0.00718759  0.03978702
 -0.6712117   0.0597509   0.56855124  0.17225292 -0.0954767   0.91998595]
Action: [ 0.4859234  -0.21261072  0.9516499  -0.67519546  0.19300938  0.15494394]

Step 5:
Rewards: 0.0033333333333333335
Obs: [ 0.00203983 -0.01631594  0.07507929  0.01268102 -0.01010033  0.03694601
  0.70278543 -0.15194121  0.43466136  0.33496717  1.5943801   0.30107865]
Action: [ 0.4368894  -0.22796875  0.9584744  -0.5953227   0.26486802  0.25792933]

Step 6:
Rewards: 0.0033333333333333335
Obs: [ 0.00154897 -0.01676784  0.07449642  0.01940568 -0.01276     0.03421353
 -0.08409896 -0.3943514  -0.00975823 -1.1481472   0.75776523  0.53910893]
Action: [ 0.46368194 -0.2358492   0.95450735 -0.64719677  0.23999059  0.24800277]

Step 7:
Rewards: 0.0033333333333333335
Obs: [ 9.5461548e-04 -1.7105162e-02  7.3937319e-02  2.4525357e-02
 -1.6749930e-02  3.0585924e-02  3.2090288e-01 -5.1254034e-01
 -4.5115995e-01  3.2038708e+00 -1.6374723e+00 -1.1436716e+00]
Action: [ 0.43013024 -0.20851213  0.95753074 -0.49443442  0.3704337   0.3342421 ]

Step 8:
Rewards: 0.0033333333333333335
Obs: [ 9.5832133e-04 -1.7181849e-02  7.3388010e-02  2.7612099e-02
 -1.5555316e-02  2.9663786e-02  1.7799588e+00 -3.4803307e-01
 -8.4922200e-01 -9.8563179e-02 -6.4056128e-01 -1.2931526e+00]
Action: [ 0.18826854 -0.3796546   0.9606452  -0.2888832  -0.11440194  0.08520269]

Step 9:
Rewards: 0.0033333333333333335
Obs: [ 7.4776524e-04 -1.7265102e-02  7.2842591e-02  3.1130301e-02
 -1.6856167e-02  2.7858825e-02 -4.9977113e-02  1.7680778e-01
  6.0374446e-02  2.7691979e-02  1.0972912e+00 -1.0982844e+00]
Action: [ 0.1314975  -0.4404047   0.9616325  -0.33318532  0.11109972  0.1647625 ]

Step 10:
Rewards: 0.0033333333333333335
Obs: [ 4.6733671e-04 -1.7506368e-02  7.2273128e-02  3.6043856e-02
 -1.8170828e-02  2.6387254e-02  1.0050701e+00 -3.5957190e-01
 -1.4741755e-01 -8.0926645e-01  4.2066979e+00 -4.8046634e-01]
Action: [ 0.27808058 -0.3352136   0.959702   -0.46915233  0.11280191  0.1353581 ]

Step 11:
Rewards: 0.0033333333333333335
Obs: [ 1.1958153e-04 -1.7703570e-02  7.1705900e-02  4.0983185e-02
 -2.0180762e-02  2.3481708e-02  4.6423385e-01 -5.0534374e-01
  2.0826249e-01  3.8183972e-01  1.6450495e-02  3.7912399e-02]
Action: [ 0.26589048 -0.42230737  0.9544215  -0.47395062  0.17790616  0.26321554]

Step 12:
Rewards: 0.0033333333333333335
Obs: [-2.4437453e-04 -1.7735664e-02  7.1164891e-02  4.4080455e-02
 -2.2260219e-02  2.0303994e-02  2.9255149e-01 -2.2222696e-01
  2.3616511e-01  1.6069102e+00  1.3810782e+00  1.8377592e-01]
Action: [ 0.2722094  -0.4655146   0.9616568  -0.2955066   0.18619692  0.2903576 ]

Step 13:
Rewards: 0.0033333333333333335
Obs: [-4.5288060e-04 -1.7805357e-02  7.0605814e-02  4.8048250e-02
 -2.2782946e-02  1.8136071e-02  9.1688931e-01 -6.7717217e-02
 -1.5058418e-01  1.7771116e+00 -8.2569498e-01  1.2539756e+00]
Action: [ 0.25089824 -0.5116782   0.9605305  -0.37657875  0.03931522  0.19451523]

Step 14:
Rewards: 0.0033333333333333335
Obs: [-5.9361517e-04 -1.7818520e-02  7.0064694e-02  5.0820962e-02
 -2.3162149e-02  1.5976250e-02  7.1409559e-01 -7.3327988e-02
 -1.5824221e-02  1.3119044e+00  1.7503537e+00 -1.1447451e+00]
Action: [ 0.15105045 -0.44085336  0.962682   -0.26198542  0.02775538  0.19251072]

Step 15:
Rewards: 0.0033333333333333335
Obs: [-7.6746079e-04 -1.7865304e-02  6.9505766e-02  5.4796770e-02
 -2.3317555e-02  1.3414142e-02  8.3962208e-01  1.3784066e-01
 -4.7565690e-01  7.2573537e-01  1.3470627e+00  3.7920933e+00]
Action: [ 0.21766162 -0.5463932   0.96088624 -0.37751538  0.0010401   0.22686374]

Step 16:
Rewards: 0.0033333333333333335
Obs: [-0.00090172 -0.01793066  0.06894523  0.05859651 -0.0234825   0.01145836
  0.36561346 -0.11256149 -0.17686865  0.8962232   0.06084002 -0.07773691]
Action: [ 0.19297564 -0.47952807  0.9601778  -0.361189    0.00955069  0.17448604]

Step 17:
Rewards: 0.0033333333333333335
Obs: [-1.11992343e-03 -1.78753845e-02  6.84111193e-02  6.10248074e-02
 -2.42722631e-02  9.36343335e-03 -9.84373093e-02  1.28510725e-02
  2.13333040e-01  3.99704874e-01 -3.65326524e-01  3.44646406e+00]
Action: [ 0.22897911 -0.5146038   0.9644122  -0.22871584  0.06523252  0.18872154]

Step 18:
Rewards: 0.0033333333333333335
Obs: [-1.35923747e-03 -1.77690014e-02  6.78896755e-02  6.27758130e-02
 -2.54699923e-02  7.37029174e-03  5.96870482e-01  5.67630790e-02
 -1.16232716e-01  1.67024350e+00  3.47280574e+00 -1.51052046e+00]
Action: [ 0.19823194 -0.5144873   0.96797395 -0.16240358  0.10272539  0.18136096]

Step 19:
Rewards: 0.0033333333333333335
Obs: [-1.6821271e-03 -1.7710874e-02  6.7341641e-02  6.6065058e-02
 -2.7086221e-02  4.9754418e-03  8.0328023e-01 -5.5712199e-01
  8.8958323e-01  1.0778364e+00 -6.1948860e-01  2.1539643e+00]
Action: [ 0.29719472 -0.63477296  0.96475244 -0.31170714  0.14240336  0.21737158]

Step 20:
Rewards: 0.0033333333333333335
Obs: [-0.00171546 -0.01764343  0.06681157  0.06823524 -0.02703559  0.00301774
  0.10310524 -0.5909889  -0.67785674  0.70144504  1.2704673  -1.0541679 ]
Action: [ 0.00331926 -0.4909997   0.9648092  -0.20384389 -0.01337492  0.17367625]

Step 21:
Rewards: 0.0033333333333333335
Obs: [-1.8766215e-03 -1.7499287e-02  6.6289194e-02  6.9790259e-02
 -2.7164429e-02  9.1255980e-04  8.7723517e-01  3.3913981e-02
  4.6505281e-01  3.7304518e+00 -8.4661895e-01  2.3147035e+00]
Action: [ 0.23451912 -0.55141145  0.9664531  -0.26902002  0.02389443  0.1846348 ]

Step 22:
Rewards: 0.0033333333333333335
Obs: [-1.9718669e-03 -1.7230568e-02  6.5793611e-02  6.9663376e-02
 -2.7047692e-02 -1.2488796e-03  7.5792648e-02 -2.3838824e-01
  1.1741349e-01  2.6277497e+00  1.3444268e+00  5.6174356e-01]
Action: [ 0.16616178 -0.50037026  0.96480906 -0.25828844  0.02644742  0.19284642]

Step 23:
Rewards: 0.0033333333333333335
Obs: [-0.00215011 -0.01693856  0.06529748  0.06960798 -0.02723303 -0.00326289
 -0.03549357 -0.3164159   0.1516896   0.20143786  2.1456497   0.5234983 ]
Action: [ 0.27398586 -0.5577657   0.96712136 -0.25526547  0.05242777  0.18687558]

Step 24:
Rewards: 0.0033333333333333335
Obs: [-0.00258884 -0.01660616  0.06480763  0.06907042 -0.02995571 -0.00575804
 -0.32993189  0.1429502  -0.3391103   0.22303171  2.56342    -1.3882866 ]
Action: [ 0.390522   -0.58827496  0.97271776 -0.14333564  0.28733385  0.24325264]

Step 25:
Rewards: 0.0033333333333333335
Obs: [-0.00295875 -0.0162563   0.06431933  0.06841831 -0.03245752 -0.00745985
  1.0600601  -0.5202859  -0.43724096 -0.3644597   1.2037673   0.00876458]
Action: [ 0.3032056  -0.5839246   0.97479916 -0.27601206  0.3054638   0.18790829]

Step 26:
Rewards: 0.0033333333333333335
Obs: [-0.00325514 -0.01593691  0.06383097  0.06800278 -0.03359699 -0.00965572
  0.30018553 -0.53281033 -0.458178   -1.2280307   1.3074867   0.39715704]
Action: [ 0.33263874 -0.5717716   0.9704089  -0.26049566  0.16782522  0.23052454]

Step 27:
Rewards: 0.0033333333333333335
Obs: [-0.00369324 -0.01554683  0.06334393  0.06720423 -0.03565693 -0.01167434
  0.56825745  0.00882845 -0.66486835  0.5417654  -0.87254053  2.3838491 ]
Action: [ 0.49267054 -0.6271652   0.9738339  -0.20610785  0.25829208  0.22336638]

Step 28:
Rewards: 0.0033333333333333335
Obs: [-0.00408844 -0.01523977  0.06285085  0.06678683 -0.03671992 -0.01285605
  0.71293056 -0.3193363   0.18592252  0.910655   -3.5110614   1.0156287 ]
Action: [ 0.5723963  -0.54362476  0.97581744 -0.26165688  0.17695165  0.15447187]

Step 29:
Rewards: 0.0033333333333333335
Obs: [-0.00443214 -0.01491398  0.06236051  0.06617409 -0.03817033 -0.01401269
  0.6238594  -0.11410855 -0.42386937  2.622144    1.3059055  -1.0818828 ]
Action: [ 0.41390777 -0.539178    0.9761082  -0.10905182  0.17808187  0.13861382]

Step 30:
Rewards: 0.0033333333333333335
Obs: [-0.0047717  -0.01451413  0.06187252  0.06536674 -0.03972664 -0.01589635
  0.84484345 -0.4556246   0.64329803 -0.4240956   1.1420424  -0.22663677]
Action: [ 0.37860918 -0.6391344   0.97417355 -0.24393141  0.23814666  0.23317301]

Step 31:
Rewards: 0.0033333333333333335
Obs: [-0.00517192 -0.01409592  0.06138144  0.06469469 -0.04102083 -0.01731119
  0.38414696 -0.6601559  -0.15071332  0.91600484  0.5016957   0.28413296]
Action: [ 0.54766905 -0.70905757  0.9751847  -0.24417913  0.21722078  0.19446445]

Step 32:
Rewards: 0.0033333333333333335
Obs: [-0.0055301  -0.01374219  0.06088846  0.0641163  -0.04205227 -0.01833534
  1.6838176  -0.17659044 -0.23238145 -0.8484782  -0.05481704  3.8554974 ]
Action: [ 0.514349   -0.60325265  0.9766638  -0.22312087  0.18799508  0.1586088 ]

Step 33:
Rewards: 0.0033333333333333335
Obs: [-0.00587247 -0.01344524  0.06040009  0.06321499 -0.04374883 -0.01938942
  0.9442903   0.3175886   0.30485737 -0.25378892 -0.57390994 -1.2842189 ]
Action: [ 0.39013493 -0.4177931   0.9722526  -0.2843166   0.29021072  0.18894696]

Step 34:
Rewards: 0.0033333333333333335
Obs: [-0.0063619  -0.01300496  0.05990624  0.06224254 -0.04572688 -0.02023788
  0.41020665 -0.47991097  0.09613609  2.953172    2.0067458   2.4760873 ]
Action: [ 0.6542276  -0.68720794  0.977057   -0.26696122  0.32622838  0.17573369]

Step 35:
Rewards: 0.0033333333333333335
Obs: [-0.00668411 -0.01263747  0.05940881  0.06169634 -0.04648118 -0.02132759
  0.41122875 -0.5217556  -0.62341815  0.19334406  0.7852628   3.3178215 ]
Action: [ 0.50588226 -0.6341146   0.9778489  -0.28539896  0.20878112  0.19230318]

Step 36:
Rewards: 0.0033333333333333335
Obs: [-0.00697845 -0.01242486  0.05891056  0.06121562 -0.04696118 -0.02232911
  0.5074166  -0.07610059 -0.22465537 -0.33487976 -1.980319    0.24237421]
Action: [ 0.4963833  -0.34023094  0.9776025  -0.32986617  0.20252681  0.1981324 ]

Step 37:
Rewards: 0.0033333333333333335
Obs: [-0.00753211 -0.01201905  0.0584089   0.06018821 -0.04964878 -0.0216262
  0.50957024 -0.5132815   0.5177612   0.59742916  0.7558107   0.43329182]
Action: [ 0.73140466 -0.63013446  0.97858095 -0.22600198  0.40555906  0.01892853]

Step 38:
Rewards: 0.0033333333333333335
Obs: [-0.00797821 -0.01163505  0.05791077  0.05933113 -0.05128642 -0.02180629
  1.2412341  -0.26772124 -0.41014943  1.4361671  -0.434316    0.71686333]
Action: [ 0.634987   -0.6081455   0.9788164  -0.25696516  0.31799948  0.12392735]

Step 39:
Rewards: 0.0033333333333333335
Obs: [-0.0082496  -0.01125188  0.05741403  0.0582742  -0.0529759  -0.02243165
 -0.32183933 -0.4466685   0.01213062  1.2723902  -0.35599127  1.5340444 ]
Action: [ 0.27725172 -0.5666584   0.98056364 -0.29973882  0.36114407  0.18757701]

Step 40:
Rewards: 0.0033333333333333335
Obs: [-0.00865683 -0.01096797  0.05691306  0.05717002 -0.05512447 -0.02242314
  0.7726353  -0.215009   -0.31553322  2.8181067   1.3593982  -0.5706382 ]
Action: [ 0.5020554  -0.36951816  0.97963965 -0.26769352  0.40761626  0.09777558]

Step 41:
Rewards: 0.0033333333333333335
Obs: [-0.00885603 -0.01067265  0.05641411  0.0566679  -0.05620757 -0.02221046
 -0.27570298 -0.34306145 -0.09630159  1.4818705  -0.11206058  1.664173  ]
Action: [ 0.22751105 -0.50919044  0.97911286 -0.3382268   0.32386267  0.09030211]

Step 42:
Rewards: 0.0033333333333333335
Obs: [-0.00910382 -0.01033864  0.05591685  0.05525912 -0.05831548 -0.02237425
  1.2020357  -0.59834844 -0.64505714  0.61876047 -0.81380516 -0.5430592 ]
Action: [ 0.19207716 -0.43170464  0.97869706 -0.29097056  0.45598364  0.15079713]

Step 43:
Rewards: 0.0033333333333333335
Obs: [-0.00909132 -0.01004786  0.0554182   0.05404681 -0.06030541 -0.02232268
  1.3231839   0.28458217  0.60744005 -0.42309868  2.0621893   2.3012664 ]
Action: [-0.29967391 -0.37581778  0.9816289  -0.25426018  0.42650127  0.10077047]

Step 44:
Rewards: 0.0033333333333333335
Obs: [-0.00894365 -0.00958336  0.0549274   0.05186234 -0.06285816 -0.02362804
  0.8717309   0.22835417  0.12298834  1.0729454   0.8185734   2.007112  ]
Action: [-0.654631   -0.5832653   0.97868896 -0.18685794  0.5136943   0.26409614]

Step 45:
Rewards: 0.0033333333333333335
Obs: [-0.00892837 -0.00913726  0.05443493  0.04980623 -0.06513319 -0.02464258
 -0.5937006  -0.44421282 -0.35829175  2.7038102   0.47204068  2.4027784 ]
Action: [-0.35429263 -0.5715896   0.9797474  -0.24734902  0.54828596  0.26211607]

Step 46:
Rewards: 0.0033333333333333335
Obs: [-0.00908825 -0.00894115  0.0539383   0.04864833 -0.06655953 -0.02474491
 -0.1260817   0.17445748  0.02600227  2.0805836  -2.1748545   0.00732277]
Action: [ 0.10822141 -0.19979417  0.9798428  -0.3375209   0.4890597   0.17325711]

Step 47:
Rewards: 0.0033333333333333335
Obs: [-0.00905825 -0.00857408  0.05344326  0.04717624 -0.06828294 -0.0248556
  0.8462159  -0.14532761  0.58705276  1.4308343   0.10077216 -1.2938603 ]
Action: [-0.2964509  -0.4972213   0.9798763  -0.25245082  0.48990583  0.16143835]

Step 48:
Rewards: 0.0033333333333333335
Obs: [-0.00888264 -0.00817007  0.05295144  0.04551478 -0.06995809 -0.02526265
 -0.7226514  -0.14848725  0.08759844  1.5772032   0.47839463  3.2077675 ]
Action: [-0.58395505 -0.5486913   0.9788437  -0.18731254  0.4609108   0.18781972]

Step 49:
Rewards: 0.0033333333333333335
Obs: [-0.00902593 -0.00793158  0.05245077  0.04455343 -0.07148975 -0.02421248
  1.2276667  -0.20754232 -0.48134413  2.0922167   1.1144531   0.48378384]
Action: [ 0.08120537 -0.32735717  0.9811686  -0.33020663  0.5407921   0.05861819]

Step 50:
Rewards: 0.0033333333333333335
Obs: [-0.00876263 -0.00768847  0.05195488  0.04408754 -0.07213784 -0.02406523
 -0.40857494 -0.39430094 -0.03738102  0.89780676  0.5974391   1.4980427 ]
Action: [-0.6280425  -0.41329825  0.98216724 -0.3263594   0.41333127  0.11895466]

Step 51:
Rewards: 0.0033333333333333335
Obs: [-0.00870271 -0.00743761  0.05145965  0.04293742 -0.07332145 -0.02383601
  0.57269573 -0.37115285  0.04913328  1.3444269   1.0046395   1.0447707 ]
Action: [-0.2907256  -0.3155762   0.9811541  -0.28578043  0.4971168   0.1236521 ]

Step 52:
Rewards: 0.0033333333333333335
Obs: [-0.00848189 -0.00720903  0.05096548  0.04239164 -0.073778   -0.02399223
  0.68020517 -0.16551872 -0.26277292  1.2279131   1.3214445   0.29689965]
Action: [-0.5228561  -0.3700639   0.9802332  -0.2576161   0.35148513  0.14834344]

Step 53:
Rewards: 0.0033333333333333335
Obs: [-0.00821937 -0.00697299  0.0504714   0.04178966 -0.07432488 -0.02421829
 -1.0461575  -0.14671347  0.10405186  2.301755    1.1790669  -0.98789203]
Action: [-0.6245667  -0.37734312  0.98232293 -0.29071885  0.4034325   0.1593473 ]

Step 54:
Rewards: 0.0033333333333333335
Obs: [-0.00810689 -0.006749    0.0499735   0.0403668  -0.07624706 -0.02242547
  0.774832   -0.54066586  0.35922983  2.6666167  -0.14448114  1.1042911 ]
Action: [-0.4531368  -0.25110495  0.9818342  -0.11777568  0.45953763 -0.06537956]

Step 55:
Rewards: 0.0033333333333333335
Obs: [-0.00789997 -0.0065255   0.04947067  0.04104245 -0.0756605  -0.02250318
  0.20401634 -0.18174686 -0.7633354   1.2801436   0.7070253   1.612801  ]
Action: [-0.32952946 -0.5459546   0.97902274 -0.37769222  0.29082036  0.12130666]

Step 56:
Rewards: 0.0033333333333333335
Obs: [-0.00773533 -0.00635943  0.04896585  0.04095092 -0.07582657 -0.02207226
  0.10146893 -0.778768    0.32374522  1.3851057   0.0695769  -0.00340335]
Action: [-0.319376   -0.3011788   0.98307323 -0.28156728  0.33045936  0.05446672]

Step 57:
Rewards: 0.0033333333333333335
Obs: [-0.00759315 -0.00620576  0.04846345  0.0412644  -0.07550912 -0.02212631
  1.1392313  -0.3658724   0.6168563   1.5970374   1.6824456   0.76814294]
Action: [-0.23910666 -0.34839392  0.98101354 -0.25134587  0.2099359   0.09664476]

Step 58:
Rewards: 0.0033333333333333335
Obs: [-0.00739659 -0.00593011  0.04796509  0.04143766 -0.07543085 -0.02219113
  0.9701937  -0.41322574 -0.35143954  1.9560677   0.46197733  1.8898073 ]
Action: [-0.39129174 -0.58086896  0.97834766 -0.35056472  0.34992993  0.12203074]

Step 59:
Rewards: 0.028333333333333335
Obs: [-0.00721275 -0.00584316  0.04745591  0.04239923 -0.07483891 -0.02116294
  0.5270722  -0.04203412 -0.16775557  1.0479132  -1.0134479  -3.0197363 ]
Action: [-2.5917310e-01 -3.4008700e-01  9.8339701e-01 -3.9419353e-01
  2.7815485e-01 -4.2796135e-05]

Step 60:
Rewards: 0.0033333333333333335
Obs: [-0.0070386  -0.00569327  0.04695479  0.0422974  -0.07472867 -0.02142906
  0.07193788 -0.01698031 -0.13814916  1.7106464  -0.30274352  0.03770496]
Action: [-0.33237612 -0.26102293  0.9830444  -0.10978508  0.10790873  0.07885957]

Step 61:
Rewards: 0.0033333333333333335
Obs: [-0.00693502 -0.00559435  0.04644893  0.042317   -0.07501953 -0.02073416
  0.51319736 -0.26472625 -0.08413323  0.47593945  1.3189812   0.19068132]
Action: [-0.21840101 -0.20415843  0.9840424  -0.21389443  0.2556647  -0.001333  ]

Step 62:
Rewards: 0.0033333333333333335
Obs: [-0.00670002 -0.00546466  0.04594644  0.04279243 -0.07471017 -0.02049687
  0.4417793  -0.02743993  0.6798729  -0.17035192  0.03605956  0.09566412]
Action: [-0.43117577 -0.3317988   0.9832151  -0.30276793  0.24101424  0.04874146]

Step 63:
Rewards: 0.0033333333333333335
Obs: [-0.00672576 -0.00529833  0.04544002  0.04323108 -0.07448374 -0.01967672
  1.4010122  -0.41836026  0.42642084 -0.06749165  3.0812788  -1.063139  ]
Action: [ 0.10558295 -0.41542602  0.979414   -0.10619974  0.0575999  -0.06116474]

Step 64:
Rewards: 0.0033333333333333335
Obs: [-0.00648164 -0.00511703  0.04493698  0.0436306  -0.07407574 -0.01967344
  0.61726683 -0.20595878 -0.428958    2.7358477   1.4685483   2.335225  ]
Action: [-0.41630054 -0.43395555  0.97974706 -0.25117338  0.18413115  0.06888759]

Step 65:
Rewards: 0.028333333333333335
Obs: [-0.00622776 -0.0050521   0.0444286   0.04514327 -0.07271449 -0.01923042
  0.20754628  0.05899239  0.27716506  0.04007559 -0.97128993 -3.0072377 ]
Action: [-0.32870245 -0.33928156  0.98375726 -0.38296545  0.11372757  0.01499033]

Step 66:
Rewards: 0.0033333333333333335
Obs: [-0.0060678  -0.00485893  0.0439439   0.04378316 -0.07010388 -0.01879995
  0.30587235 -0.6401952   0.29143834  1.1687614   1.1112252   1.1982048 ]
Action: [-0.02427095 -0.21753335  0.979625    0.12325954 -0.24804163 -0.04252964]

Step 67:
Rewards: 0.0033333333333333335
Obs: [-0.00602797 -0.00486858  0.04342907  0.04618567 -0.07023448 -0.0181767
  0.6319061  -0.04461978  0.09123     0.8267057   1.4301988  -1.0741462 ]
Action: [-0.08667016 -0.25805533  0.98226535 -0.22239196  0.01486301 -0.07001245]

Step 68:
Rewards: 0.0033333333333333335
Obs: [-0.00596542 -0.00473859  0.04293211  0.04553156 -0.06884408 -0.01820434
  0.44763952 -0.35622627  0.2756717   0.404532   -0.43409863 -1.8532453 ]
Action: [ 0.04782748 -0.19116008  0.9792347   0.05943251 -0.12850142  0.01704431]

Step 69:
Rewards: 0.0033333333333333335
Obs: [-0.00583029 -0.00450668  0.04244751  0.04437802 -0.06584195 -0.01671108
  1.1136891  -0.17734179 -0.09695163  1.2024598   0.7581747   0.00157323]
Action: [ 0.06266391 -0.31307614  0.97839415  0.10545826 -0.28319335 -0.14646125]

Step 70:
Rewards: 0.0033333333333333335
Obs: [-0.00578622 -0.00437309  0.04194845  0.04504142 -0.06383469 -0.01682901
  0.6947653  -0.17387375 -0.05821865  0.03037306 -0.5556397  -0.02006666]
Action: [ 0.13433218 -0.3507498   0.9801972  -0.06107378 -0.18925709  0.02038836]

Step 71:
Rewards: 0.0033333333333333335
Obs: [-0.00570027 -0.00421186  0.04145223  0.04510365 -0.0617127  -0.01690472
  0.93290883 -0.09277599 -0.29336753  2.3338382   2.3923783  -1.463277  ]
Action: [ 0.062011   -0.3194543   0.98100936 -0.00898826 -0.19994444  0.00325203]

Step 72:
Rewards: 0.0033333333333333335
Obs: [-0.00553292 -0.00399799  0.04096868  0.04346224 -0.0583975  -0.01844451
  0.9915302  -0.18085155  0.37394232 -1.030704   -2.143167    0.4687249 ]
Action: [-0.00122517 -0.22566402  0.9804014   0.14613068 -0.320395    0.13955176]

Step 73:
Rewards: 0.0033333333333333335
Obs: [-0.00544058 -0.00368707  0.04047474  0.04252669 -0.05643828 -0.01590133
 -1.0703033  -0.55096847  0.3777482   1.9728807   1.5536048  -2.3614726 ]
Action: [ 0.04445231 -0.50955254  0.98180366  0.0884831  -0.18044811 -0.23971355]

Step 74:
Rewards: 0.0033333333333333335
Obs: [-0.00536751 -0.00335367  0.03997311  0.04065454 -0.05663093 -0.01316595
  1.2098907  -0.68669784  0.11804695 -0.03090798  0.5915176   1.6469388 ]
Action: [-0.13279027 -0.46458822  0.98859835  0.17905474  0.02419496 -0.24309188]

Step 75:
Rewards: 0.0033333333333333335
Obs: [-0.00524269 -0.00317427  0.03947917  0.04064919 -0.05407186 -0.01493846
  0.7620634  -0.46416125 -0.46039712  2.8536713   2.0247629   1.4861763 ]
Action: [ 0.00770748 -0.3057022   0.9791255  -0.00954413 -0.24400473  0.16505086]

Step 76:
Rewards: 0.0033333333333333335
Obs: [-0.00476953 -0.00284415  0.03899412  0.03940719 -0.04930107 -0.01840863
  0.25761294 -0.34813488 -0.16856985  1.2747775  -0.38139087  0.34323937]
Action: [-0.49690938 -0.48143196  0.98715734  0.10267484 -0.46536863  0.31124365]

Step 77:
Rewards: 0.0033333333333333335
Obs: [-0.00455822 -0.00262643  0.03850955  0.03611159 -0.04569365 -0.01822857
  0.42992875 -0.4273745   0.17226124  0.37857214 -0.42650795  1.4333849 ]
Action: [-0.07134968 -0.1028583   0.9837477   0.30817926 -0.34852266 -0.00970083]

Step 78:
Rewards: 0.0033333333333333335
Obs: [-4.4127782e-03 -2.3392087e-03  3.8020719e-02  3.4331731e-02
 -4.1663762e-02 -1.5583568e-02  1.1548610e+00  7.8951716e-02
  1.8888937e-01  2.6120675e+00  1.4001266e+00 -2.2716203e+00]
Action: [ 0.10047448 -0.3871193   0.98345816  0.16640675 -0.38244027 -0.25128043]

Step 79:
Rewards: 0.0033333333333333335
Obs: [-4.3561924e-03 -2.3017069e-03  3.7528601e-02  3.2584302e-02
 -3.9171167e-02 -1.4097635e-02  2.3541945e-01 -2.5796157e-01
  6.0852402e-01  2.4934189e+00  5.8986932e-01 -1.3215706e+00]
Action: [ 0.14178479  0.10870683  0.9780983   0.16112864 -0.23527777 -0.1408552 ]

Step 80:
Rewards: 0.0033333333333333335
Obs: [-4.2145262e-03 -2.1742990e-03  3.7038933e-02  2.9069766e-02
 -3.6562916e-02 -1.3713363e-02  1.4627817e-01 -2.1720263e-01
  2.6543319e-01  1.1573360e+00  1.5605258e+00 -2.1763856e+00]
Action: [-0.02226704  0.08765268  0.9808785   0.3307383  -0.24903226 -0.04018587]

Step 81:
Rewards: 0.0033333333333333335
Obs: [-4.0302458e-03 -2.0301722e-03  3.6549669e-02  2.3992604e-02
 -3.4373906e-02 -1.3752684e-02  3.8223827e-01 -6.7423359e-02
  5.3765720e-01  1.4938475e+00  9.8119521e-01 -2.2992973e+00]
Action: [-0.14601529  0.18133473  0.98257303  0.48242664 -0.21067679  0.01855361]

Step 82:
Rewards: 0.0033333333333333335
Obs: [-0.00399781 -0.00191347  0.03605064  0.02194134 -0.03320347 -0.01299591
 -0.29088524 -0.38190234 -0.43314222  0.339469    1.1721756   1.1480811 ]
Action: [ 0.06979752 -0.01716954  0.9799228   0.19174194 -0.10874653 -0.07885659]

Step 83:
Rewards: 0.0033333333333333335
Obs: [-3.8099776e-03 -1.2991020e-03  3.5553385e-02  1.7876823e-02
 -3.1550787e-02 -1.0298054e-02  8.1544977e-01 -2.1101196e-01
  9.8681398e-02  1.3800732e+00  3.5796508e-01  3.0661911e-01]
Action: [-0.19582671 -0.8550942   0.9846058   0.38690782 -0.15477884 -0.24380243]

Step 84:
Rewards: 0.0033333333333333335
Obs: [-3.6624032e-03 -1.2903170e-03  3.5057068e-02  1.5059473e-02
 -2.9298345e-02 -1.0316564e-02  1.4918909e+00 -1.2657428e-01
  3.0259821e-01  2.2159653e+00 -2.3983063e-01  8.2909453e-01]
Action: [-0.0785495   0.24986255  0.9804146   0.2637304  -0.21449548  0.00575519]

Step 85:
Rewards: 0.15976585920580355
Obs: [-3.4562957e-03 -1.1272252e-03  3.4562889e-02  0.0000000e+00
  0.0000000e+00  0.0000000e+00  9.8711863e-02 -7.0533909e-02
  2.1980062e-01  2.9772382e+00  5.1705313e-01  3.4238371e-01]
Action: [-0.12448776 -0.13171732  0.979691    0.15935826 -0.3018719   0.0182811 ]

Step 86:
Rewards: 0.21873609018260065
Obs: [-3.1267141e-03 -9.3467336e-04  3.4061998e-02  0.0000000e+00
  0.0000000e+00  0.0000000e+00  4.4000149e-01 -6.5813810e-01
  6.2171429e-01  1.1917282e+00 -4.4977596e-01 -3.2892936e-01]
Action: [-0.54087067 -0.135477    0.98164713  0.22495115 -0.09125507  0.14446831]

Step 87:
Rewards: 0.23696184575247306
Obs: [-3.0494381e-03 -8.2954374e-04  3.3568453e-02  6.2446985e-03
 -2.9954936e-02 -1.7991919e-02  7.9298252e-01 -7.2788066e-01
 -2.6967382e-01  3.0983084e-01  1.3881369e+00  1.3975337e-01]
Action: [-0.5462672   0.23066401  0.9781234   0.43963146  0.4539094   0.5769205 ]

Step 88:
Rewards: 0.2480831428280504
Obs: [-2.8618576e-03 -6.2046706e-04  3.3070672e-02  7.2329757e-03
 -2.6826244e-02 -1.5169085e-02  6.3926548e-01 -5.4776144e-01
  3.2300848e-01  2.1797075e+00 -5.4900605e-02 -8.8942653e-01]
Action: [-0.10403728 -0.5349054   0.98203874 -0.08771241 -0.29249018 -0.26290727]

Step 89:
Rewards: 0.2556893187207208
Obs: [-3.1659633e-03 -5.6552870e-04  3.2562446e-02  0.0000000e+00
  0.0000000e+00  0.0000000e+00  3.4357134e-01 -5.4523253e-01
  3.9214116e-02  2.1135685e+00  2.6665590e+00 -5.6907547e-01]
Action: [ 0.662531   -0.11509061  0.9812021  -0.01305062 -0.02741963 -0.14087075]

Step 90:
Rewards: 0.26264711771010546
Obs: [-2.8180536e-03 -2.5128780e-04  3.2062594e-02  0.0000000e+00
  0.0000000e+00  0.0000000e+00  1.2155790e+00 -8.4171718e-01
  1.5914536e-01  1.6246755e+00  2.1234278e-01  5.5059350e-01]
Action: [-0.5047179  -0.885759    0.98067605 -0.2619124  -0.18249136 -0.18847346]

Step 91:
Rewards: 0.2687077006342794
Obs: [-2.3934459e-03 -4.3592495e-06  3.1560760e-02  0.0000000e+00
  0.0000000e+00  0.0000000e+00  5.1776099e-01 -2.9593095e-01
  1.0136632e+00  1.5072361e+00  5.6227851e-01  3.8049669e+00]
Action: [-0.6909385  -0.7586145   0.9839754  -0.26504374 -0.15172029 -0.260796  ]

Step 92:
Rewards: 0.27379716656044806
Obs: [-2.4722177e-03 -2.7781814e-05  3.1056451e-02  8.1692087e-03
 -2.5985539e-02 -1.6938485e-02  1.1299086e+00 -2.6730895e-01
  1.6353990e-01  1.6178988e+00 -7.9825306e-01 -7.1042317e-01]
Action: [-0.09569764  0.45737112  0.98920345  0.45201778  0.2875433   0.7839712 ]

Step 93:
Rewards: 0.2785116753090755
Obs: [-2.4901028e-03  3.8003374e-05  3.0558486e-02  0.0000000e+00
  0.0000000e+00  0.0000000e+00  1.1631306e+00  3.5866767e-01
  3.8719633e-01  1.8430446e+00  1.3031434e-01 -1.8655336e+00]
Action: [ 0.30074906 -0.4266491   0.97634554 -0.33989477 -0.31856322 -0.14179009]

Step 94:
Rewards: 0.2830918136999447
Obs: [-2.2725896e-03  3.2046743e-04  3.0061675e-02  0.0000000e+00
  0.0000000e+00  0.0000000e+00  7.5506479e-01  1.3613945e-01
 -8.1449115e-01  6.9446754e-01 -2.3737706e-01 -4.7263613e-01]
Action: [-0.31884313 -0.8557273   0.97195125 -0.3311304  -0.09980899 -0.1263864 ]

Step 95:
Rewards: 0.2875550449499593
Obs: [-1.7812706e-03  5.9159234e-04  2.9565103e-02  0.0000000e+00
  0.0000000e+00  0.0000000e+00  9.8303640e-01 -4.6543980e-01
  7.6439059e-01  2.2365818e+00 -2.4994318e-01 -1.4276603e+00]
Action: [-0.6084292  -0.82625014  0.9809494  -0.32827902 -0.4673078  -0.0262782 ]

Step 96:
Rewards: 0.2914783218799108
Obs: [-1.9216877e-03  8.1672013e-04  2.9067129e-02  0.0000000e+00
  0.0000000e+00  0.0000000e+00  9.7507763e-01 -5.4952478e-01
 -7.3381436e-01  1.6334110e-01 -4.4986406e-01 -5.7947087e-01]
Action: [ 0.2586677  -0.67838824  0.9742644  -0.24048477  0.02013505 -0.17237335]

Step 97:
Rewards: 0.2955182815103834
Obs: [-1.4199840e-03  1.0357850e-03  2.8569819e-02  0.0000000e+00
  0.0000000e+00  0.0000000e+00  9.7448075e-01 -7.5253714e-03
 -1.3422589e-01  1.0171202e+00  1.7278320e+00 -1.1867827e+00]
Action: [-0.6051215  -0.8590222   0.9869704  -0.52551436 -0.5121727  -0.32614583]

Step 98:
Rewards: 0.29909902581628856
Obs: [-1.4364235e-03  1.2803865e-03  2.8079960e-02  3.3212889e-02
 -8.0203209e-03 -1.1155235e-02  3.4308332e-01 -8.1935018e-02
  3.8379207e-01 -5.6715280e-01 -6.8845183e-01  2.9499493e+00]
Action: [ 0.28707528 -0.95201653  0.97021556 -0.6198229  -0.31745195  0.23462057]

Step 99:
Rewards: 0.3028036400614664
Obs: [-0.00124631  0.00150905  0.02756208  0.          0.          0.
  0.2868445  -0.52727735  0.8382828   1.1769725  -1.0781624  -0.89791083]
Action: [-0.18411231  0.03505063  0.9853736   0.68711567 -0.23841774 -0.29003048]

Step 100:
Rewards: 0.30632129471459557
Obs: [-1.20142975e-03  1.39377266e-03  2.70602349e-02  0.00000000e+00
  0.00000000e+00  0.00000000e+00  4.82182443e-01 -2.16348201e-01
  3.77738029e-02  1.71232045e+00 -1.77050289e-02  1.22960925e-01]
Action: [-0.09189266  0.1517086   0.97877264 -0.07889372  0.03530562  0.04807353]

Step 101:
Rewards: 0.30947307401248614
Obs: [-1.2156962e-03  1.6675652e-03  2.6567956e-02  3.0486761e-02
 -2.4784852e-03 -1.0540978e-02  1.1754405e+00 -2.3437341e-01
  9.8489620e-02 -3.7762848e-01  2.4506864e-01 -2.2611175e+00]
Action: [ 0.27312493 -0.8086537   0.96925044 -0.33739054 -0.32081735  0.19103777]

Step 102:
Rewards: 0.31262029179900197
Obs: [-0.00140772  0.00165475  0.02606315  0.03170229  0.00087838 -0.00925631
  0.65296316 -0.40207046  0.3755888   0.23473358  0.2403149  -0.3345868 ]
Action: [ 0.614079   -0.10866338  0.9823606  -0.11371094 -0.31809342 -0.1338017 ]

Step 103:
Rewards: 0.31565210023724144
Obs: [-1.2988637e-03  2.0550683e-03  2.5539277e-02  0.0000000e+00
  0.0000000e+00  0.0000000e+00  1.4396791e-01 -4.4571269e-01
  6.1830527e-01  5.4488313e-01  1.8837755e+00  3.1272686e+00]
Action: [-0.170475   -0.23670632  0.98392653  0.8411536  -0.03673816 -0.48397774]

Step 104:
Rewards: 0.31876970999322973
Obs: [-1.1339118e-03  1.5217119e-03  2.5042312e-02  0.0000000e+00
  0.0000000e+00  0.0000000e+00  4.6146551e-01 -5.2523088e-01
  3.1370375e-01  2.2704761e+00 -7.4674064e-01  3.4869723e+00]
Action: [-0.5523137   0.8886837   0.9908922  -0.20503068  0.33634782  0.4198798 ]

Step 105:
Rewards: 0.3466379473823032
Obs: [-9.7410294e-04  1.0019664e-03  2.4546292e-02  0.0000000e+00
  0.0000000e+00  0.0000000e+00  8.2635516e-01 -4.1967806e-01
  1.0285201e-01 -8.9628443e-02  1.6255187e+00 -3.0535412e+00]
Action: [-0.5092863   0.9020536   0.9871545  -0.14530194  0.26915336  0.45937157]

Step 106:
Rewards: 0.3241194556222658
Obs: [-9.9978864e-04  1.2579303e-03  2.4045350e-02  3.0850675e-02
 -3.6006786e-03 -1.1748964e-02  1.0544057e+00 -1.0272292e-01
  7.0706451e-01  8.7124354e-01  2.0709794e+00  5.9023249e-01]
Action: [ 0.15690088 -0.7871429   0.98374605 -0.38924456 -0.13475835 -0.1643061 ]

Step 107:
Rewards: 0.32655488932916105
Obs: [-1.1167945e-03  1.2137080e-03  2.3527674e-02  0.0000000e+00
  0.0000000e+00  0.0000000e+00 -7.7706015e-01 -5.0468290e-01
  1.0429264e+00  3.1785018e+00 -3.1730070e+00  8.9129406e-01]
Action: [ 0.38919854  0.45408368  0.98689294  0.5822555  -0.22156811 -0.31086242]

Step 108:
Rewards: 0.32879445857240885
Obs: [-1.0913233e-03  8.1692345e-04  2.3030838e-02  0.0000000e+00
  0.0000000e+00  0.0000000e+00 -7.3118936e-03 -7.2998422e-01
  4.6978751e-01  3.3032246e+00 -6.8322372e-01 -2.6576710e+00]
Action: [-0.26390755  0.72359216  0.98413825 -0.09006739  0.31623268  0.07876825]

Step 109:
Rewards: 0.330817366868532
Obs: [-1.0957919e-03  5.5131293e-04  2.2524077e-02  0.0000000e+00
  0.0000000e+00  0.0000000e+00  8.0492884e-01 -4.9384648e-01
 -1.5714800e-01 -7.3727393e-01 -6.9085795e-01  9.6820730e-01]
Action: [ 0.02698171  0.26761281  0.9929143  -0.35951114 -0.02684182 -0.14068246]

Step 110:
Rewards: 0.33265781963017166
Obs: [-6.0656742e-04  4.7812168e-06  2.2020269e-02  3.3555087e-02
 -2.9344235e-03 -3.9110193e-03  9.8433185e-01 -2.5003827e-01
  4.5339918e-01  2.0197966e+00  2.5713975e+00  7.9203957e-01]
Action: [-0.8614036   0.806443    0.97978926 -0.38949472 -0.11706293 -0.33393455]

Step 111:
Rewards: 0.33418244786378115
Obs: [-5.64217800e-04  3.63364874e-04  2.15071682e-02  0.00000000e+00
  0.00000000e+00  0.00000000e+00  7.26146102e-01 -2.98191518e-01
 -1.11362986e-01  5.98377526e-01  3.70740473e-01 -7.98315585e-01]
Action: [ 0.08063591 -0.5454792   0.9921317   0.21682501 -0.2479856  -0.19544113]

Step 112:
Rewards: 0.3354241082655979
Obs: [-5.1132194e-04  6.3947286e-04  2.0995570e-02  0.0000000e+00
  0.0000000e+00  0.0000000e+00  1.6538991e-01  1.7784628e-01
 -4.7291499e-01  4.2123742e+00 -9.4464082e-01 -1.3257796e+00]
Action: [-0.04767764 -0.38328767  0.9877322   0.22197771 -0.03372353  0.00222027]

Step 113:
Rewards: 0.3363682466142069
Obs: [-6.7657448e-04  6.3980045e-04  2.0487430e-02  0.0000000e+00
  0.0000000e+00  0.0000000e+00  8.6755395e-01 -3.8429111e-01
  8.2811999e-01  2.9137926e+00 -2.0643232e+00  2.4942124e-01]
Action: [ 0.42841077  0.15100956  0.9766569   0.20014656 -0.12498778 -0.13745606]

Step 114:
Rewards: 0.3369893100358125
Obs: [-7.2609819e-04  4.9790181e-04  1.9992376e-02  0.0000000e+00
  0.0000000e+00  0.0000000e+00  9.7885466e-01 -7.3701334e-01
  8.1640548e-01  6.8282521e-01 -1.3184062e+00 -2.3944359e+00]
Action: [-0.07175982  0.17036235  0.9809221  -0.11925858  0.25495446 -0.5694578 ]

Step 115:
Rewards: 0.35444753683259184
Obs: [-7.3701696e-04  4.6543177e-04  1.9498618e-02  0.0000000e+00
  0.0000000e+00  0.0000000e+00  9.9322313e-01  2.7123943e-02
  2.8953966e-01  1.1654277e+00 -5.8350325e-01  1.3087261e+00]
Action: [-0.12264419  0.17700636  0.97691786  0.13528168  0.2066071   0.03142965]

Step 116:
Rewards: 0.3689546830577689
Obs: [-8.1171677e-04  5.5562967e-04  1.9007705e-02  0.0000000e+00
  0.0000000e+00  0.0000000e+00  5.2765024e-01 -5.6568027e-01
  5.3259188e-01  3.2030399e+00  1.0720758e+00  8.5990375e-01]
Action: [-0.02841705 -0.2409836   0.9631722   0.04265368  0.1451993  -0.33951008]

Step 117:
Rewards: 0.3830732097457204
Obs: [-9.6977473e-04  7.5506116e-04  1.8516431e-02  0.0000000e+00
  0.0000000e+00  0.0000000e+00  6.3045241e-02  7.2294134e-01
 -1.0794353e-01  6.4906259e+00  4.2527223e+00 -2.2888339e+00]
Action: [-0.0393213  -0.59977114  0.9770062  -0.07843322  0.02728117  0.42239428]

Step 118:
Rewards: 0.40117657439093835
Obs: [-9.3317922e-04  6.8433158e-04  1.8016571e-02  0.0000000e+00
  0.0000000e+00  0.0000000e+00  6.7669749e-01 -5.6589466e-01
  4.4122675e-01  1.2227098e+00  2.0752833e+00 -4.4276339e-01]
Action: [ 0.39385843  0.26499867  0.87457275  0.33446813 -0.26002312  0.42716193]

Step 119:
Rewards: 0.4283830154263358
Obs: [-9.3350327e-04  6.6894304e-04  1.7495653e-02  0.0000000e+00
  0.0000000e+00  0.0000000e+00 -2.6819441e-01  7.1345371e-01
  4.3273604e-01  4.5435870e-01  3.2831073e+00 -5.8148885e-01]
Action: [-0.15155637 -0.1708203   0.97972846  0.04583025 -0.04401773  0.04054749]

Step 120:
Rewards: 0.47227041079655185
Obs: [-9.1277790e-04  6.8709278e-04  1.6988609e-02  0.0000000e+00
  0.0000000e+00  0.0000000e+00  1.8722139e-01  1.9763465e-01
 -1.9482692e-01  1.0027739e+00  1.6349853e+00 -7.4740744e-01]
Action: [ 0.20643306  0.29043746  0.930472    0.21598172 -0.10872012 -0.07405192]

Step 121:
Rewards: 0.553550279408614
Obs: [-9.0554124e-04  6.9828233e-04  1.6473228e-02  0.0000000e+00
  0.0000000e+00  0.0000000e+00  1.1867529e+00  1.4449146e-01
  4.1710648e-01  1.4070159e+00  1.6596450e+00 -1.2896684e+00]
Action: [ 0.02828228  0.09688616  0.9694488   0.24594498 -0.11800492  0.04961777]

Step 122:
Rewards: 0.6532274987163905
Obs: [-8.9798705e-04  6.8361341e-04  1.5968461e-02  0.0000000e+00
  0.0000000e+00  0.0000000e+00  7.8678131e-02  4.8114902e-01
  2.9065204e-01  1.8078681e+00  2.5507948e+00  2.7478942e-01]
Action: [-0.02248144 -0.09652978  0.9525951   0.17400062 -0.0238418   0.04119408]

Step 123:
Rewards: 0.6608527051510231
Obs: [-9.0985786e-04  6.9259293e-04  1.5445279e-02  0.0000000e+00
  0.0000000e+00  0.0000000e+00 -4.5736873e-01  6.8334603e-01
  2.5797161e-01 -3.9872255e+00  3.2891111e+00  4.1174125e-03]
Action: [ 0.1464827   0.20686007  0.96198833  0.25020194 -0.0964148   0.02878237]

Step 124:
Rewards: 0.6676255030007492
Obs: [-9.6480880e-04  5.7360972e-04  1.4937217e-02  0.0000000e+00
  0.0000000e+00  0.0000000e+00  6.6105580e-01  1.4877953e-01
 -1.8123369e-01  1.8378161e+00  1.3423606e+00  4.6866566e-01]
Action: [ 0.22189021  0.48865998  0.9693624  -0.0518539  -0.09272432 -0.15145093]

Step 125:
Rewards: 0.6735472274172297
Obs: [-1.0649652e-03  4.3641872e-04  1.4451514e-02  0.0000000e+00
  0.0000000e+00  0.0000000e+00  1.4761380e+00 -9.5654356e-01
  2.9646799e-01  1.9571178e-01  9.5791525e-01  1.0415399e+00]
Action: [-0.01072133  0.04200637  0.9634285   0.10382795 -0.13668728  0.00868082]

Step 126:
Rewards: 0.2841645235886745
Obs: [-1.2109346e-03  2.1294494e-04  1.3980222e-02  0.0000000e+00
  0.0000000e+00  0.0000000e+00 -2.5111382e+00 -3.1317925e-01
  1.2528796e+00 -5.4456310e+00 -2.1592178e+00 -4.9098537e+01]
Action: [-0.03225195 -0.02844828  0.9551046  -0.02622938 -0.09269249 -0.01333147]

Step 127:
Rewards: 0.6772733721069223
Obs: [-1.1460235e-03  1.2577667e-04  1.4127939e-02  0.0000000e+00
  0.0000000e+00  0.0000000e+00  1.1353590e+00 -2.3058894e-01
 -2.8530553e-01  1.3340933e+00  1.2573276e+00  2.1753700e+00]
Action: [ 0.01771736  0.55103433 -0.40026927 -0.29967868  0.35275245  0.1643604 ]

Step 128:
Rewards: 0.6824929948357616
Obs: [-1.1802240e-03  1.6443413e-05  1.3646388e-02  0.0000000e+00
  0.0000000e+00  0.0000000e+00 -6.2574536e-01  3.9502251e-01
  3.1554529e-03  6.3134342e-01  8.0698115e-01 -1.3580239e+00]
Action: [-0.02601302 -0.03776187  0.9243095  -0.01925421 -0.12722808 -0.02165467]

Step 129:
Rewards: 0.7134310730429807
Obs: [-1.1846247e-03 -1.2362299e-04  1.3061091e-02  0.0000000e+00
  0.0000000e+00  0.0000000e+00  1.7350124e-01 -3.6146086e-01
  3.2601348e-01  1.7738461e+00  6.7686853e+00 -6.8636642e+00]
Action: [ 0.282063    0.21188915  0.9791274   0.03236973 -0.12757707 -0.04494125]

Step 130:
Rewards: 0.693260346577962
Obs: [-1.2744161e-03 -1.4056923e-04  1.2544450e-02  0.0000000e+00
  0.0000000e+00  0.0000000e+00 -7.4425292e-01 -5.7110822e-01
 -8.5527562e-02 -9.4600117e-01  3.3643496e+00 -1.9593254e+00]
Action: [ 0.33594084  0.30059898  0.91406715 -0.00323766 -0.10231036 -0.16240531]

Step 131:
Rewards: 0.6978604847878935
Obs: [-1.3049318e-03 -1.8947497e-04  1.2027977e-02  0.0000000e+00
  0.0000000e+00  0.0000000e+00  6.6029090e-01 -2.1935803e-01
  2.7640045e-01 -5.8457667e-01  6.7056870e+00 -5.9638548e-01]
Action: [ 0.10733664  0.34198081  0.9808254   0.03273165 -0.11024845 -0.04442936]

Step 132:
Rewards: 0.7021401317999202
Obs: [-1.3126538e-03 -1.9419617e-04  1.1523626e-02  0.0000000e+00
  0.0000000e+00  0.0000000e+00  2.7520093e-01 -3.0116048e-01
  4.4411129e-01  2.7624114e+00  8.6498183e-01 -3.0123165e-01]
Action: [ 0.03834319  0.17040598  0.97171736 -0.00129592 -0.05479306 -0.04463726]

Step 133:
Rewards: 0.7062181634898084
Obs: [-1.3810898e-03 -2.1242161e-04  1.1010243e-02  0.0000000e+00
  0.0000000e+00  0.0000000e+00 -1.1074611e-01 -2.6922414e-02
  4.6726587e-01  1.8067470e-01  1.9990709e+00  1.3991373e+00]
Action: [ 0.18626308  0.07158196  0.98554635 -0.01133239 -0.0910297  -0.04388684]

Step 134:
Rewards: 0.7101221482819415
Obs: [-1.3175965e-03 -2.2562717e-04  1.0510515e-02  0.0000000e+00
  0.0000000e+00  0.0000000e+00  3.2299596e-01 -1.0978404e+00
  5.6812078e-01  3.8178241e-01  1.4082793e+00 -2.0816922e-02]
Action: [-0.07735872  0.14095521  0.9721594  -0.00936252 -0.15489578 -0.0617764 ]

Step 135:
Rewards: 0.7137623840464
Obs: [-1.3435147e-03 -2.2851846e-04  1.0011664e-02  0.0000000e+00
  0.0000000e+00  0.0000000e+00  1.1437224e+00 -3.3090672e-01
  2.8075102e-01  3.8043761e-01  7.0418239e-01 -4.2520285e-01]
Action: [ 0.08745527  0.05953634  0.96667886  0.01188505 -0.04271531 -0.02905816]

Step 136:
Rewards: 0.7172537661897642
Obs: [-1.4236411e-03 -2.3543822e-04  9.5031206e-03  0.0000000e+00
  0.0000000e+00  0.0000000e+00  5.8410883e-01 -4.3521774e-01
  4.4337630e-01  1.7515726e+00  1.5791461e+00  7.7869064e-01]
Action: [ 0.21132755 -0.05817175  0.9741925  -0.00228596 -0.00280696 -0.03595656]

Step 137:
Rewards: 0.7205437150472609
Obs: [-1.4624494e-03 -2.6495513e-04  9.0069883e-03  0.0000000e+00
  0.0000000e+00  0.0000000e+00  6.5209275e-01 -7.2189128e-01
  6.4081246e-01  7.2986394e-01 -7.5721580e-01 -8.9849967e-01]
Action: [ 0.12100339  0.04449034  0.95116436  0.00753653 -0.04820865 -0.04015356]

Step 138:
Rewards: 0.7237559939792533
Obs: [-1.4877543e-03 -2.4259281e-04  8.5048685e-03  0.0000000e+00
  0.0000000e+00  0.0000000e+00 -1.2223245e-01 -8.0196023e-01
  4.6558335e-01 -7.0288204e-02  2.2056665e+00 -9.1252321e-01]
Action: [ 0.07458425 -0.04697621  0.9608636   0.00290406 -0.03258455 -0.02507716]

Step 139:
Rewards: 0.7267997919508707
Obs: [-1.4915696e-03 -2.8511227e-04  8.0102477e-03  0.0000000e+00
  0.0000000e+00  0.0000000e+00 -3.9887664e-01 -6.4556676e-01
 -1.7306109e-01  4.3197557e-01  3.0307288e+00  1.6209666e+00]
Action: [ 0.03588426  0.09052229  0.94959176  0.00586212 -0.05426168 -0.04898876]

Step 140:
Rewards: 0.7294328771872984
Obs: [-1.5428644e-03 -3.4824939e-04  7.5541842e-03  0.0000000e+00
  0.0000000e+00  0.0000000e+00  4.7966799e-01 -3.6644605e-01
 -4.8318699e-02  1.8355433e+00 -3.0857435e-01  1.5802096e+00]
Action: [ 0.07879925  0.3493893   0.8947381   0.01627553 -0.13193655 -0.08026713]

Step 141:
Rewards: 0.7570455776964853
Obs: [-1.6377906e-03 -3.4163106e-04  7.0758392e-03  0.0000000e+00
  0.0000000e+00  0.0000000e+00  7.6649028e-01 -1.3902175e+00
  8.4412611e-01 -1.4769779e-01  1.5821171e+00 -3.1211569e+00]
Action: [ 0.26702285 -0.0675897   0.9048481   0.01320946 -0.00124711 -0.04632235]

Step 142:
Rewards: 0.7346705857057907
Obs: [-1.6408628e-03 -3.8183268e-04  6.5932535e-03  0.0000000e+00
  0.0000000e+00  0.0000000e+00  6.2823272e-01 -8.2591957e-01
  1.9778964e-01 -1.3778932e+00  1.4194301e+00 -1.6617419e+00]
Action: [ 0.03717411  0.10459661  0.92802644  0.01769149 -0.00881386 -0.01032728]

Step 143:
Rewards: 0.7373556116051745
Obs: [-1.6231841e-03 -3.7318029e-04  6.0859937e-03  0.0000000e+00
  0.0000000e+00  0.0000000e+00  5.2630424e-01 -3.2346565e-01
  2.1343747e-02 -5.8047861e-01  1.5727274e+00 -1.2188884e+00]
Action: [ 0.03794134 -0.03840762  0.9628663   0.02848899 -0.00405639 -0.03565407]

Step 144:
Rewards: 0.7399524958552485
Obs: [-1.6224509e-03 -3.8322064e-04  5.5665476e-03  0.0000000e+00
  0.0000000e+00  0.0000000e+00 -1.6607494e+00 -1.7729826e+00
  2.8412589e-01 -1.4246713e+00  1.6687421e+00 -2.2271507e+00]
Action: [ 0.15328681 -0.06680608  0.96583724  0.04081869 -0.02100021 -0.05194062]

Step 145:
Rewards: 0.7412912625564347
Obs: [-1.7473893e-03 -5.2272872e-04  5.2366774e-03  0.0000000e+00
  0.0000000e+00  0.0000000e+00 -7.5383729e-01 -4.2597637e-01
  1.3553993e+00 -9.9731553e-01  1.2629317e+00 -1.4738668e+00]
Action: [ 0.04507136  0.4506091   0.6663778   0.00500977 -0.06209165 -0.03720307]

Step 146:
Rewards: 0.7423214280720054
Obs: [-1.7636874e-03 -5.5775559e-04  5.0057974e-03  0.0000000e+00
  0.0000000e+00  0.0000000e+00  6.5593451e-01 -3.9215901e-01
  9.2462146e-01  1.1142824e+00  1.1436777e+00  1.2170799e-01]
Action: [-0.03597432  0.12621069  0.4504912   0.01378322 -0.03711021 -0.01088899]

Step 147:
Rewards: 0.7442207772505043
Obs: [-1.7577427e-03 -5.6256016e-04  4.5841904e-03  0.0000000e+00
  0.0000000e+00  0.0000000e+00 -1.2216450e-03 -2.0705445e-01
 -4.3262151e-01  9.0347910e-01 -1.8034509e-01  1.5756453e+00]
Action: [-0.02392715  0.03354108  0.8130661   0.01503682 -0.04030824 -0.02719116]

Step 148:
Rewards: 0.7456026449761254
Obs: [-1.8027972e-03 -6.2342349e-04  4.2355717e-03  0.0000000e+00
  0.0000000e+00  0.0000000e+00  7.8448021e-01 -5.0942409e-01
  7.1695918e-01 -1.1626770e+00 -4.2675892e-01 -2.9386044e-01]
Action: [ 0.24667549  0.0195893   0.629717    0.01558208 -0.00605345 -0.04778528]

Step 149:
Rewards: 0.7474450253225459
Obs: [-1.7878569e-03 -5.5419799e-04  3.8006750e-03  0.0000000e+00
  0.0000000e+00  0.0000000e+00 -4.2758918e-01 -1.3543310e+00
  1.2207917e-01 -1.0769477e+00  2.5284829e+00 -2.0651824e+00]
Action: [-0.06914258 -0.11488557  0.83747315  0.02185881 -0.04318261 -0.01165074]

Step 150:
Rewards: 0.7738134175808192
Obs: [-1.7883066e-03 -6.1120430e-04  3.4364380e-03  0.0000000e+00
  0.0000000e+00  0.0000000e+00 -7.3926121e-01 -1.9445733e+00
  3.0721512e-01 -1.4871869e+00  1.8669429e+00 -3.8953066e+00]
Action: [ 0.132797    0.02109396  0.662066    0.03497028 -0.02001941 -0.02821666]

Step 151:
Rewards: 0.7496581939519086
Obs: [-1.7858219e-03 -6.1633909e-04  3.2070721e-03  0.0000000e+00
  0.0000000e+00  0.0000000e+00  1.5620505e+00 -5.9774709e-01
  6.6608340e-01 -4.6968389e-01  2.0964694e+00 -7.2078758e-01]
Action: [-0.00713509 -0.00507736  0.42106092  0.03295124 -0.01581043 -0.00344169]

Step 152:
Rewards: 0.7501953906571278
Obs: [-1.7737023e-03 -6.0796493e-04  3.0647705e-03  0.0000000e+00
  0.0000000e+00  0.0000000e+00  2.8970462e-01  7.1628667e-02
  3.4976566e-01  5.5998111e-01  3.6275690e+00 -4.6314642e-01]
Action: [-0.12934041  0.03648913  0.27749932  0.04490626 -0.00769681 -0.00250685]

Step 153:
Rewards: 0.7504625352418213
Obs: [-1.7789791e-03 -6.3733128e-04  2.9790145e-03  0.0000000e+00
  0.0000000e+00  0.0000000e+00  2.3164530e-01 -2.5854057e-01
  2.8164548e-01  1.2237960e+00 -1.6229601e-01  1.0883924e-01]
Action: [-0.21907425  0.24890673  0.2010051   0.01512647  0.02138543 -0.00517875]

Step 154:
Rewards: 0.7509527605676569
Obs: [-1.7017688e-03 -5.8365584e-04  2.8935084e-03  0.0000000e+00
  0.0000000e+00  0.0000000e+00  8.5858202e-01 -5.2929068e-01
  2.1760730e-01 -9.0256685e-01  1.8019334e+00  8.1983751e-01]
Action: [-0.20968807 -0.05132031  0.17121589  0.02128232 -0.0111894   0.01820493]

Step 155:
Rewards: 0.751521733997148
Obs: [-1.6377951e-03 -5.6248746e-04  2.7679426e-03  0.0000000e+00
  0.0000000e+00  0.0000000e+00  5.8546913e-01 -2.7189547e-01
  6.9139522e-01 -2.7168941e-01  6.1118555e-01 -1.1060495e+00]
Action: [-0.16215968  0.00081682  0.24662244  0.03933084 -0.00651604 -0.00729555]

Step 156:
Rewards: 0.7521541492281064
Obs: [-1.4764880e-03 -5.3091673e-04  2.6781724e-03  0.0000000e+00
  0.0000000e+00  0.0000000e+00  9.3832517e-01 -7.5117582e-01
  6.5639597e-01  7.7807587e-01  6.2867463e-01 -9.1822886e-01]
Action: [-0.33076423 -0.04407221  0.17773664  0.02908897 -0.01362842  0.02013469]

Step 157:
Rewards: 0.7526701084819142
Obs: [-1.3756343e-03 -4.9972249e-04  2.5843589e-03  0.0000000e+00
  0.0000000e+00  0.0000000e+00  2.6414180e-01 -5.8096433e-01
 -4.4658077e-03  2.4750698e+00  2.2541807e+00  1.3395556e+00]
Action: [-0.22188216 -0.03292829  0.1829989   0.0434134  -0.02555174  0.01580811]

Step 158:
Rewards: 0.7527948052129737
Obs: [-1.4440907e-03 -6.0260255e-04  2.4857845e-03  0.0000000e+00
  0.0000000e+00  0.0000000e+00  1.0594674e-01 -2.5137302e-01
  1.5312450e-01  1.9429526e+00 -1.0757422e+00 -1.5708920e+00]
Action: [ 0.12116694  0.20460176  0.18690109  0.01295257  0.00661933 -0.00868148]

Step 159:
Rewards: 0.7531333949261505
Obs: [-1.4012500e-03 -5.5967772e-04  2.4150463e-03  0.0000000e+00
  0.0000000e+00  0.0000000e+00  1.2569270e+00 -3.3677071e-01
  6.9080329e-01  3.4770093e+00  1.4076929e+00  1.6130067e+00]
Action: [-0.10584229 -0.07113647  0.13893867  0.00225127 -0.01325655  0.01956975]

Step 160:
Rewards: 0.7534467987403239
Obs: [-1.4039059e-03 -5.9797394e-04  2.3042285e-03  0.0000000e+00
  0.0000000e+00  0.0000000e+00  7.3719412e-01  1.2790136e-01
  6.7433679e-01  2.9538506e-01 -6.6585653e-02 -1.6903214e+00]
Action: [-0.01323354  0.06031764  0.21314311  0.01596713 -0.0084635   0.00394237]

Step 161:
Rewards: 0.7607193912116105
Obs: [ 0.          0.          0.          0.          0.          0.
 -0.223815    0.10393493  1.0752891  -0.23753902 -0.34301636 -2.4724839 ]
Action: [-0.1856572  -0.13005996  0.14631653  0.01811564 -0.01359642  0.02159417]

Step 162:
Rewards: 0.7607193912116105
Obs: [ 0.          0.          0.          0.          0.          0.
  0.31852293 -0.23963478  0.11338816  1.2983574   1.1569488  -0.29293597]
Action: [-0.07322872 -0.03464144  0.12859511  0.00282764  0.00192034  0.03553188]

Step 163:
Rewards: 0.7607193912116105
Obs: [ 0.          0.          0.          0.          0.          0.
  0.13496925 -0.03888033  0.14477049  2.3908849   0.5325502  -1.3281764 ]
Action: [-0.00787717  0.00781369  0.15509045  0.00927687  0.00925469  0.00146222]

Step 164:
Rewards: 0.7607193912116105
Obs: [ 0.          0.          0.          0.          0.          0.
  1.1258626  -0.56685174 -0.5216586   2.3840804   1.2019832   1.2500906 ]
Action: [ 0.07744539  0.01299691  0.13498712 -0.01111263  0.00950503  0.00274396]

Step 165:
Rewards: 0.7607193912116105
Obs: [ 0.          0.          0.          0.          0.          0.
  0.72016716  0.39229074  0.13765068  1.511438    0.35641673 -1.4238884 ]
Action: [ 0.22753775  0.026016    0.16849518  0.00385022  0.01954365 -0.004619  ]

Step 166:
Rewards: 0.7607193912116105
Obs: [ 0.          0.          0.          0.          0.          0.
  0.8759367  -0.37960258  0.2769315   1.3760055   1.1930711   1.7899754 ]
Action: [ 0.08534229 -0.03996468  0.13241386 -0.00610059  0.00991654  0.00360453]

Step 167:
Rewards: 0.7607193912116105
Obs: [ 0.          0.          0.          0.          0.          0.
  0.13140684 -0.17597264  0.58471966 -0.12701084  0.37690958 -1.0353012 ]
Action: [ 0.0100987  -0.11246395  0.18703377  0.01758575 -0.00692737  0.00977838]

Step 168:
Rewards: 0.7607193912116105
Obs: [ 0.          0.          0.          0.          0.          0.
  0.48045227 -0.6793904  -0.01221594  0.82453334  1.3265389  -0.47842255]
Action: [-0.1078974  -0.0768041   0.15065885  0.00851238  0.00044775  0.01093531]

Step 169:
Rewards: 0.7607193912116105
Obs: [ 0.          0.          0.          0.          0.          0.
  0.45235038 -0.2709545   0.39047304  3.184049    0.32265252  0.42740208]
Action: [-0.01031107 -0.01608092  0.15709114  0.02267551  0.00463879  0.00151563]

Step 170:
Rewards: 0.7607193912116105
Obs: [ 0.          0.          0.          0.          0.          0.
  1.1568536  -0.6687729  -0.36427528  0.83246213  1.8867761  -0.48158786]
Action: [ 0.07525969 -0.07326442  0.16909039 -0.00169826 -0.00432456  0.00914526]

Step 171:
Rewards: 0.7607193912116105
Obs: [ 0.          0.          0.          0.          0.          0.
  0.25973853 -0.82777023  0.5755366   1.7513914   0.7684692  -0.32721776]
Action: [ 0.02101994 -0.032794    0.15169823  0.03151751  0.00384176  0.0005008 ]

Step 172:
Rewards: 0.7607193912116105
Obs: [ 0.          0.          0.          0.          0.          0.
  0.02447024  0.03444152  0.04684656  2.0739214   2.7741706  -2.782272  ]
Action: [-0.05927318 -0.08661151  0.16666317  0.01385701 -0.00941378  0.01278698]

Step 173:
Rewards: 0.7607193912116105
Obs: [ 0.          0.          0.          0.          0.          0.
 -0.00764182 -0.6219166   0.41383758  0.42111677  1.0931062   1.1523124 ]
Action: [ 0.07272196  0.11872387  0.11825812 -0.01293176  0.02079189 -0.00496846]

Step 174:
Rewards: 0.7607193912116105
Obs: [ 0.          0.          0.          0.          0.          0.
  0.24789427 -0.2936156   0.34157866  0.4437092   3.6041753   2.755003  ]
Action: [ 0.02997863 -0.09144628  0.18779266  0.01524115  0.00166786  0.00636959]

Step 175:
Rewards: 1.0
Obs: [ 0.          0.          0.          0.          0.          0.
  0.33872998 -0.05810786  0.54360795  2.0406682   2.4088824  -3.8730273 ]
Action: [ 0.04712188  0.14204693  0.20317256 -0.00693852  0.00227022 -0.00206441]

Step 176:
Rewards: 0.7607193912116105
Obs: [ 0.          0.          0.          0.          0.          0.
  0.6095095  -0.37541667  0.2805859  -0.9596889   0.7831261   0.03948001]
Action: [-0.01354945  0.01170337  0.11089516 -0.00618732  0.00051832  0.00600839]

Step 177:
Rewards: 0.7607193912116105
Obs: [ 0.          0.          0.          0.          0.          0.
  1.0993223  -0.2735488  -0.13783476  1.5542548   0.37630332 -0.5804121 ]
Action: [-0.1506567  -0.12371939  0.16908073  0.02868283 -0.00336266  0.0120374 ]

Step 178:
Rewards: 1.0
Obs: [ 0.          0.          0.          0.          0.          0.
 -0.09515713 -0.5272503   0.57641065 -0.48150393  2.1479518  -8.718021  ]
Action: [ 0.02678657 -0.084306    0.14695644  0.0163337  -0.00288862  0.00763571]

Step 179:
Rewards: 1.0
Obs: [ 0.          0.          0.          0.          0.          0.
  0.9970763  -0.99888825  0.14408036 -1.0249143   0.5602383  -9.390541  ]
Action: [-0.10895175  0.0041374   0.05983305 -0.00465262 -0.00463158  0.01217222]

Step 180:
Rewards: 1.0
Obs: [  0.           0.           0.           0.           0.
   0.           0.84999967  -1.1857167    0.33492815  -3.5065186
   0.82101804 -11.993398  ]
Action: [-0.14010137 -0.0309357   0.05547023  0.00959456 -0.0093143   0.01366258]

Step 181:
Rewards: 1.0
Obs: [ 0.0000000e+00  0.0000000e+00  0.0000000e+00  0.0000000e+00
  0.0000000e+00  0.0000000e+00  7.5303841e-01 -3.7453410e-01
 -1.5786644e-03 -1.7177652e+00 -1.6340458e-01 -1.5146371e+01]
Action: [-0.23845732 -0.02795613  0.03474438  0.02254105 -0.00623912  0.01485658]

Step 182:
Rewards: 1.0
Obs: [  0.           0.           0.           0.           0.
   0.           1.7725857   -0.46550214   0.5388383   -0.08175416
   1.555801   -10.394797  ]
Action: [-0.03274781 -0.02827388  0.00237823  0.0129869   0.019714    0.00461531]

Step 183:
Rewards: 1.0
Obs: [  0.           0.           0.           0.           0.
   0.           1.4820373   -0.8241086    0.56431746  -3.1713908
   1.6684066  -14.814587  ]
Action: [-0.09683567 -0.05711251  0.05067801  0.0175854  -0.00390297  0.01067615]

Step 184:
Rewards: 1.0
Obs: [  0.          0.          0.          0.          0.          0.
   1.1011982  -0.5788776   0.6955689  -1.5682917   1.362723  -11.184479 ]
Action: [-0.19506478 -0.01669019  0.01214123  0.03528714 -0.00045574  0.00925899]

Step 185:
Rewards: 1.0
Obs: [  0.           0.           0.           0.           0.
   0.           0.23155624  -0.9984551    0.5251712   -5.611494
  -1.7513013  -14.766317  ]
Action: [-0.12700218 -0.02779239  0.04139626  0.01479721 -0.00387597  0.01099074]

Step 186:
Rewards: 1.0
Obs: [  0.           0.           0.           0.           0.
   0.           0.56944185  -0.9009738    0.56522214  -6.163534
   1.4293346  -14.838098  ]
Action: [-0.22772497  0.02828431  0.00861931  0.00565636  0.00460541  0.01384068]

Step 187:
Rewards: 1.0
Obs: [ 0.0000000e+00  0.0000000e+00  0.0000000e+00  0.0000000e+00
  0.0000000e+00  0.0000000e+00  3.8199576e-03 -1.2108769e+00
  4.8216119e-01 -4.5529847e+00  7.7076691e-01 -1.3634953e+01]
Action: [-0.26358533  0.05001915  0.01204741  0.0308975   0.01154196  0.00738657]

Step 188:
Rewards: 1.0
Obs: [  0.           0.           0.           0.           0.
   0.           1.2171173   -1.2202164    0.26271623  -2.9306402
   1.4955012  -17.5862    ]
Action: [-0.25618976 -0.00198525  0.02149189  0.0141145  -0.0026238   0.01600754]

Step 189:
Rewards: 1.0
Obs: [  0.           0.           0.           0.           0.
   0.           0.9446457   -0.61462504   0.3802429   -2.6090965
  -0.06498677 -13.426625  ]
Action: [-0.19152296 -0.01190776 -0.01556826  0.03569198 -0.0008927   0.01078725]

Step 190:
Rewards: 1.0
Obs: [  0.           0.           0.           0.           0.
   0.           1.3189764   -1.4523859    0.62432873  -4.774979
   1.3835822  -16.053595  ]
Action: [-0.11214548 -0.02582127  0.02047336  0.01585245  0.00444746  0.00928879]

Step 191:
Rewards: 1.0
Obs: [ 0.          0.          0.          0.          0.          0.
  0.15842953 -0.64916515  0.7347641  -1.3877627  -0.44789314 -9.521247  ]
Action: [-3.3360088e-01 -1.8757522e-02  1.8620491e-04  3.9463401e-02
 -8.6431503e-03  1.6549826e-02]

Step 192:
Rewards: 1.0
Obs: [  0.           0.           0.           0.           0.
   0.           1.9913691   -0.6741685   -0.04355505  -0.65572035
   1.6808939  -15.2986555 ]
Action: [-0.12494373 -0.02416062  0.05409348 -0.01000178 -0.00917625  0.01657045]

Step 193:
Rewards: 1.0
Obs: [  0.           0.           0.           0.           0.
   0.           0.37988207  -0.99756837   0.1094601   -4.411466
   1.7093261  -12.146784  ]
Action: [-0.06980002 -0.04396325  0.00739527  0.03416276  0.01192212  0.00417757]

Step 194:
Rewards: 1.0
Obs: [  0.           0.           0.           0.           0.
   0.           0.7173719   -0.87896264   0.6326178   -1.6435266
   0.39643186 -14.361907  ]
Action: [-0.2116996  -0.00337791  0.03538489  0.02653551  0.00592554  0.00916433]

Step 195:
Rewards: 1.0
Obs: [  0.          0.          0.          0.          0.          0.
   0.9021723  -1.3725278   1.0160153  -3.215873    1.4917251 -14.578913 ]
Action: [-0.13215935 -0.0260672   0.01282942  0.00984597 -0.00832802  0.01463878]

Step 196:
Rewards: 1.0
Obs: [  0.           0.           0.           0.           0.
   0.           0.2150446   -0.51709783   0.24845196  -2.704374
   0.93298286 -11.260346  ]
Action: [-0.30768466 -0.02447724  0.01262259  0.02484357 -0.01617843  0.02026403]

Step 197:
Rewards: 1.0
Obs: [  0.           0.           0.           0.           0.
   0.           0.20698519  -0.60382426  -0.3031171   -0.6531164
   1.9790614  -14.650661  ]
Action: [-0.10777068  0.01323247  0.03996789  0.00758851  0.00975287  0.00691414]

Step 198:
Rewards: 1.0
Obs: [  0.           0.           0.           0.           0.
   0.           0.8755585   -0.33584127   0.6496129    0.22302845
   2.275767   -11.37964   ]
Action: [-0.04644752 -0.00019664  0.00777233  0.01598823  0.01675701  0.00403821]

Step 199:
Rewards: 1.0
Obs: [  0.           0.           0.           0.           0.
   0.           1.3421199   -0.6143529   -0.58501166  -2.4738026
   0.4465486  -13.1076    ]
Action: [-0.08074951 -0.02882534  0.04400873  0.00989211 -0.0036332   0.00987494]

Step 200:
Rewards: 1.0
Obs: [  0.           0.           0.           0.           0.
   0.          -0.18347907   0.14443539   0.79855293   0.24448253
   1.4627037  -11.793482  ]
Action: [-0.07507557 -0.02170795  0.0232023   0.02929962  0.01959741  0.00185347]

Step 201:
Rewards: 1.0
Obs: [ 0.0000000e+00  0.0000000e+00  0.0000000e+00  0.0000000e+00
  0.0000000e+00  0.0000000e+00 -3.9720777e-03  7.7320285e-02
 -1.6104318e-01 -3.3867806e-01  2.5006771e+00 -1.4541910e+01]
Action: [ 0.03828883  0.07377756  0.03666973 -0.01839334  0.01980281  0.00249708]

Step 202:
Rewards: 1.0
Obs: [  0.           0.           0.           0.           0.
   0.           0.05365624  -0.03389932   0.36760548   1.7495562
   2.089576   -12.573811  ]
Action: [ 0.05751967  0.1296264   0.01249802  0.00255978  0.04649127 -0.00945258]

Step 203:
Rewards: 1.0
Obs: [  0.           0.           0.           0.           0.
   0.           0.9391606   -0.45780274   0.04421869  -1.4942831
   3.1319187  -12.460634  ]
Action: [ 0.04389012  0.03012991  0.03181827 -0.01081187  0.01357675  0.00435972]

Step 204:
Rewards: 1.0
Obs: [  0.           0.           0.           0.           0.
   0.          -0.10762598  -0.2744284    0.1669871   -1.1816976
   0.45547777 -12.666075  ]
Action: [-0.10114342 -0.02287591  0.03378618  0.02926064  0.01346576  0.00319541]

Step 205:
Rewards: 1.0
Obs: [  0.           0.           0.           0.           0.
   0.           0.3840942   -0.39900023   0.8632761   -2.656484
   3.6895158  -13.294829  ]
Action: [-0.02719408  0.02703357  0.02558947 -0.0043413   0.01732659  0.00479507]

Step 206:
Rewards: 1.0
Obs: [  0.           0.           0.           0.           0.
   0.           0.7936637   -0.20583259   0.1694944   -1.0372056
   4.568006   -19.254519  ]
Action: [-0.13588732  0.08368695  0.02908456  0.0207057   0.01631689  0.00102341]

Step 207:
Rewards: 1.0
Obs: [ 0.          0.          0.          0.          0.          0.
 -0.14155382 -0.53494036  0.25040507  0.38186353  2.46108    -9.653247  ]
Action: [ 0.04312372  0.05273604 -0.02386254  0.03674889  0.04756176 -0.00984639]

Step 208:
Rewards: 1.0
Obs: [  0.           0.           0.           0.           0.
   0.           0.86164236  -0.7646332   -0.04668467  -0.7757051
   3.2648482  -16.348507  ]
Action: [-0.0701586   0.00332415  0.05521488 -0.00145721 -0.00063723  0.0094837 ]

Step 209:
Rewards: 1.0
Obs: [  0.           0.           0.           0.           0.
   0.           1.3367558   -0.48444444   0.5628081   -0.23148468
   2.3402636  -10.050155  ]
Action: [-0.09746933 -0.01387393 -0.00182092  0.03359306  0.01155794  0.00435424]

Step 210:
Rewards: 1.0
Obs: [  0.           0.           0.           0.           0.
   0.          -0.18691231  -0.1258883    0.03393187  -0.76854134
   2.6373923  -13.916553  ]
Action: [-0.10227609 -0.03116119  0.05042839  0.01569128 -0.00322133  0.00956559]

Step 211:
Rewards: 1.0
Obs: [  0.           0.           0.           0.           0.
   0.           0.5340776   -0.07244472   0.02340016  -0.5662579
   2.936352   -11.763976  ]
Action: [ 0.03751206  0.12938762  0.01682794 -0.00078064  0.0376054  -0.00647247]

Step 212:
Rewards: 1.0
Obs: [  0.           0.           0.           0.           0.
   0.           1.1165278   -0.37489408   0.38264012  -0.9275917
   0.80404615 -14.688797  ]
Action: [-0.00515062  0.02468181  0.03789353  0.01459396  0.02715898 -0.0025242 ]

Step 213:
Rewards: 1.0
Obs: [  0.           0.           0.           0.           0.
   0.           0.47904468  -0.41285896  -0.4107064   -0.49045166
   1.6582965  -11.300047  ]
Action: [-0.05798882 -0.02449709  0.0104965   0.01619101  0.00947106  0.00639188]

Step 214:
Rewards: 1.0
Obs: [  0.           0.           0.           0.           0.
   0.           0.83123     -0.44108582   0.22561257  -1.4414283
   1.0972536  -14.042064  ]
Action: [-0.03891617 -0.02916473  0.03864706  0.01460898  0.01404548  0.00415635]

Step 215:
Rewards: 1.0
Obs: [  0.           0.           0.           0.           0.
   0.           0.4268247   -0.0680951    0.5650891    1.8097819
   0.49603954 -10.756542  ]
Action: [-0.07428682 -0.02576792  0.01593995  0.01743495  0.01054811  0.00636256]

Step 216:
Rewards: 1.0
Obs: [  0.           0.           0.           0.           0.
   0.           0.6578852   -0.12334357   0.5941771    0.6329132
   0.7741394  -14.462112  ]
Action: [ 0.00746238 -0.03912336  0.0469408  -0.01379788 -0.00276232  0.01223922]

Step 217:
Rewards: 1.0
Obs: [  0.           0.           0.           0.           0.
   0.          -0.35144654  -0.26070195   0.6884509    0.08063172
   3.6152174  -15.50744   ]
Action: [-0.00491893 -0.03070205  0.01197779 -0.00040841  0.00601959  0.00909114]

Step 218:
Rewards: 1.0
Obs: [  0.           0.           0.           0.           0.
   0.           1.1034896    0.05231482   0.47749034  -0.13858159
   1.299109   -14.244101  ]
Action: [ 0.02974498  0.12132502  0.00759685 -0.00656223  0.02523398 -0.00104702]

Step 219:
Rewards: 1.0
Obs: [  0.           0.           0.           0.           0.
   0.           0.27245063   0.21388304   0.36765337  -0.17668828
   2.1377394  -15.540841  ]
Action: [-0.006181   -0.02689338  0.01593852  0.01296496  0.01667202  0.00347364]

Step 220:
Rewards: 1.0
Obs: [  0.           0.           0.           0.           0.
   0.           0.42007142  -0.54935175  -0.04810648  -0.12446562
   3.2311246  -11.765095  ]
Action: [ 0.05134535  0.07317448  0.00538492  0.00361979  0.04017293 -0.00530159]

Step 221:
Rewards: 1.0
Obs: [  0.           0.           0.           0.           0.
   0.           0.28031847  -0.5610147    0.10020369  -0.681638
   3.3084311  -14.314568  ]
Action: [-0.07097059 -0.02545881  0.03767991  0.01883364  0.00773895  0.00578594]

Step 222:
Rewards: 1.0
Obs: [  0.           0.           0.           0.           0.
   0.           0.6237971   -0.6191311    0.87758183  -0.75051504
   1.9741392  -15.703852  ]
Action: [-0.06885856  0.01599455  0.01529002  0.01984107  0.014534    0.00332534]

Step 223:
Rewards: 1.0
Obs: [ 0.0000000e+00  0.0000000e+00  0.0000000e+00  0.0000000e+00
  0.0000000e+00  0.0000000e+00 -8.2572967e-01 -1.0975901e-02
 -2.0313943e-02  6.3511765e-01  3.9745193e+00 -1.1861069e+01]
Action: [-0.10910332 -0.02314335  0.00317764  0.012694   -0.00475258  0.01257813]

Step 224:
Rewards: 1.0
Obs: [  0.           0.           0.           0.           0.
   0.           0.10643236  -0.04070979   0.4060664   -1.0369749
   4.1675277  -16.654146  ]
Action: [ 0.05769837  0.26153803  0.0443157  -0.02601004  0.04192293 -0.00923729]

Step 225:
Rewards: 1.0
Obs: [ 0.0000000e+00  0.0000000e+00  0.0000000e+00  0.0000000e+00
  0.0000000e+00  0.0000000e+00  8.3229643e-01  5.1107329e-01
  1.2998424e-02  1.1264954e+00  3.3210938e+00 -1.4263566e+01]
Action: [ 0.065292    0.1386509  -0.00211251  0.01192367  0.04890537 -0.01129496]

Step 226:
Rewards: 1.0
Obs: [ 0.          0.          0.          0.          0.          0.
  0.39263484 -0.46027353  0.47093564 -0.16554205  1.0335659  -7.8648195 ]
Action: [ 0.12283933  0.05176771  0.02165473  0.00886106  0.05519319 -0.00954151]

Step 227:
Rewards: 1.0
Obs: [  0.           0.           0.           0.           0.
   0.          -0.11790299  -0.25999883   0.8694041   -0.5614824
   2.919306   -13.835852  ]
Action: [-0.07134587 -0.03835642  0.0636214  -0.00430715 -0.00699919  0.0130564 ]

Step 228:
Rewards: 1.0
Obs: [  0.           0.           0.           0.           0.
   0.           1.2288501   -0.3089916    0.57590747  -0.6798394
   3.6490421  -17.069078  ]
Action: [-0.04344517  0.06890321  0.02136266 -0.00050139  0.01408398  0.00385249]

Step 229:
Rewards: 1.0
Obs: [  0.           0.           0.           0.           0.
   0.           0.7602427   -0.7820107    0.39276645  -0.94446677
   3.15336    -14.292914  ]
Action: [-0.06186885 -0.01323712 -0.00418544  0.03397703  0.01714802  0.00186694]

Step 230:
Rewards: 1.0
Obs: [  0.           0.           0.           0.           0.
   0.          -0.20302074  -0.5670148    1.2664523   -1.4083543
   2.3654706  -12.780562  ]
Action: [-0.13316888 -0.01882046  0.01814699  0.02565861 -0.00135285  0.00926542]

Step 231:
Rewards: 1.0
Obs: [  0.           0.           0.           0.           0.
   0.          -0.30047995   0.3035343    0.4034679   -1.2049676
   2.5955324  -13.5009985 ]
Action: [-0.16789365  0.09010196  0.03358006 -0.00237811 -0.00201041  0.01078594]

Step 232:
Rewards: 1.0
Obs: [  0.           0.           0.           0.           0.
   0.           0.79658365  -0.24930173   1.3322818   -0.9434995
   0.9940522  -16.322985  ]
Action: [ 0.05226767  0.17995572  0.02400243 -0.00934267  0.05228734 -0.01124722]

Step 233:
Rewards: 1.0
Obs: [  0.          0.          0.          0.          0.          0.
   1.381747   -0.3566955   0.4152944  -2.8584592   2.7877417 -12.641386 ]
Action: [-0.08711094 -0.02558696 -0.00289887  0.00920177  0.00033331  0.01176155]

Step 234:
Rewards: 1.0
Obs: [  0.           0.           0.           0.           0.
   0.           1.4388733   -0.57383096   0.57200414  -1.2106642
   2.1505003  -13.209615  ]
Action: [-0.13465053 -0.02205938  0.03340662  0.03417063  0.01378214  0.00322163]

Step 235:
Rewards: 1.0
Obs: [  0.           0.           0.           0.           0.
   0.           1.0034068   -0.39515463   0.20684582  -0.06042784
   3.6684134  -13.057626  ]
Action: [-0.12875849 -0.01935142  0.02840722  0.02672017 -0.00165188  0.00813699]

Step 236:
Rewards: 1.0
Obs: [  0.           0.           0.           0.           0.
   0.           1.0856521    0.47323814   0.18392763   3.3410916
   0.06555466 -11.17219   ]
Action: [-0.08147979 -0.02002466  0.03030825  0.02749574  0.00838983  0.00403655]

Step 237:
Rewards: 1.0
Obs: [  0.           0.           0.           0.           0.
   0.           0.30980325   0.1119298    0.69835967   2.3704042
   3.0198214  -12.763195  ]
Action: [ 0.09326124 -0.0474844   0.04723501 -0.01446581  0.02029932  0.00663769]

Step 238:
Rewards: 1.0
Obs: [  0.           0.           0.           0.           0.
   0.           0.20215325   0.26276532  -0.27278525   1.018
   3.5627668  -16.224846  ]
Action: [ 0.04438794  0.03130174  0.03278685 -0.0115543   0.01494753  0.00422084]

Step 239:
Rewards: 1.0
Obs: [  0.           0.           0.           0.           0.
   0.           0.2751904    0.02671139   0.5234019   -0.20978804
   1.9267131  -12.652888  ]
Action: [ 0.11637008  0.12527442  0.0047524   0.00289249  0.06209958 -0.01190704]

Step 240:
Rewards: 1.0
Obs: [  0.           0.           0.           0.           0.
   0.           0.6912834   -0.18905868   0.33396935   2.0585997
   3.7340853  -14.958775  ]
Action: [4.0243864e-03 2.8997302e-02 2.9389620e-02 5.5789948e-05 1.9088149e-02
 2.0432472e-03]

Step 241:
Rewards: 1.0
Obs: [  0.           0.           0.           0.           0.
   0.           0.61607563   0.22932251   0.5602886   -0.26867962
   3.1916194  -14.2960205 ]
Action: [ 0.05302322 -0.01582277  0.01100719  0.00736737  0.01553512  0.00337481]

Step 242:
Rewards: 1.0
Obs: [  0.           0.           0.           0.           0.
   0.           0.41098174  -0.3312645    0.51617754   1.1715661
   1.7103019  -14.641502  ]
Action: [ 0.05931997  0.05214083  0.01817787  0.00878501  0.03682101 -0.00555527]

Step 243:
Rewards: 1.0
Obs: [  0.           0.           0.           0.           0.
   0.           0.02606306   0.23950255   0.3682769    2.136917
   2.9361255  -14.086274  ]
Action: [-0.01148528 -0.02839434  0.01081026  0.00070727  0.0022943   0.01000988]

Step 244:
Rewards: 1.0
Obs: [ 0.0000000e+00  0.0000000e+00  0.0000000e+00  0.0000000e+00
  0.0000000e+00  0.0000000e+00 -2.6365516e-01 -1.5143362e-02
  4.5913619e-01  1.2980038e+00  1.2955059e+00 -1.6058197e+01]
Action: [ 0.07640731  0.10824311  0.02117085 -0.01530498  0.03514528 -0.00235933]

Step 245:
Rewards: 1.0
Obs: [  0.           0.           0.           0.           0.
   0.           0.2506793   -0.27795032   0.8054431    2.9188092
   3.910642   -13.996755  ]
Action: [ 0.03076565  0.076334   -0.00078768 -0.01681817  0.02218652  0.00378525]

Step 246:
Rewards: 1.0
Obs: [  0.           0.           0.           0.           0.
   0.           0.48276475   0.3089073    0.57755655  -1.3583646
   3.770223   -14.343184  ]
Action: [ 0.04532731  0.0062238   0.02230823 -0.00843239  0.00294745  0.00837314]

Step 247:
Rewards: 1.0
Obs: [  0.           0.           0.           0.           0.
   0.           0.29600623  -0.6540239    0.32753137  -1.6143239
   1.959351   -14.266715  ]
Action: [ 0.0680685   0.10309672  0.01933682  0.01264954  0.05068517 -0.01184237]

Step 248:
Rewards: 1.0
Obs: [  0.           0.           0.           0.           0.
   0.           1.2592685   -0.34532818   0.05080749  -1.1249571
   1.6584735  -14.046105  ]
Action: [-0.10896152 -0.01052362  0.01490688  0.0154506   0.00554609  0.00871778]

Step 249:
Rewards: 1.0
Obs: [  0.           0.           0.           0.           0.
   0.           0.22372779  -0.6923165    0.1553754    0.10568699
   3.7781575  -14.846542  ]
Action: [-0.06249595 -0.02171493  0.01762557  0.02610767  0.01602769  0.00252116]

Step 250:
Rewards: 1.0
Obs: [  0.          0.          0.          0.          0.          0.
   0.5230699  -0.531072   -0.2239174  -1.1260139   3.5245092 -15.358776 ]
Action: [-0.08141714 -0.00148237  0.01192248  0.02086747  0.00679517  0.00626683]

Step 251:
Rewards: 1.0
Obs: [  0.           0.           0.           0.           0.
   0.           0.8799081   -0.17739084   0.8794503   -1.4451038
   3.0983891  -13.614563  ]
Action: [-0.05090356  0.03066659  0.00550234  0.02967072  0.02597892 -0.00178885]

Step 252:
Rewards: 1.0
Obs: [ 0.0000000e+00  0.0000000e+00  0.0000000e+00  0.0000000e+00
  0.0000000e+00  0.0000000e+00 -1.2441236e-01 -3.1362131e-01
  1.4542758e-03 -2.2352879e+00  2.2259405e+00 -1.5446205e+01]
Action: [-0.0960713  -0.0006091   0.02655065  0.0224905   0.0103364   0.00443208]

Step 253:
Rewards: 1.0
Obs: [  0.           0.           0.           0.           0.
   0.          -0.26401168  -0.34859702   0.5234727    1.1343595
   1.7627743  -11.686579  ]
Action: [-0.00730699  0.12363732  0.00201261  0.00974917  0.04036224 -0.00664037]

Step 254:
Rewards: 1.0
Obs: [ 0.0000000e+00  0.0000000e+00  0.0000000e+00  0.0000000e+00
  0.0000000e+00  0.0000000e+00  9.8058271e-01 -7.5497735e-01
  1.8201606e-01 -8.1496276e-03  3.0594170e+00 -1.3131302e+01]
Action: [-0.0193736   0.0083642   0.04026043 -0.01103455 -0.0005675   0.01028025]

Step 255:
Rewards: 1.0
Obs: [  0.          0.          0.          0.          0.          0.
   2.0159912  -0.5970481   0.7884355  -1.8206131   2.270388  -15.435609 ]
Action: [-0.10641885 -0.019656    0.02876556  0.02364182 -0.00161439  0.00815809]

Step 256:
Rewards: 1.0
Obs: [  0.           0.           0.           0.           0.
   0.           0.61432326  -0.15492988   0.42873728   1.3546917
   1.2378345  -12.781011  ]
Action: [-0.16279852 -0.0155198   0.01104283  0.03604162  0.0024153   0.00689852]

Step 257:
Rewards: 1.0
Obs: [  0.           0.           0.           0.           0.
   0.           0.5391439   -0.26869968  -0.08197423  -0.5551383
   3.124451   -15.467869  ]
Action: [-0.00024092 -0.03195274  0.02829611 -0.00164902  0.00338495  0.00905788]

Step 258:
Rewards: 1.0
Obs: [  0.           0.           0.           0.           0.
   0.           0.075666    -0.34235096   0.15011896  -0.6067536
   1.8387104  -13.228892  ]
Action: [ 0.00108445  0.03567684  0.00381398  0.02158082  0.03046691 -0.00326484]

Step 259:
Rewards: 1.0
Obs: [  0.           0.           0.           0.           0.
   0.           1.0445309   -0.4324743    0.86472696  -0.0627794
  -0.755628   -14.108263  ]
Action: [-0.03289211  0.02038372  0.02259958  0.00509703  0.01628792  0.0038799 ]

Step 260:
Rewards: 1.0
Obs: [  0.           0.           0.           0.           0.
   0.           0.05083922  -0.03918556  -0.5380535   -1.6458917
   4.231755   -13.354332  ]
Action: [-0.05999738 -0.03107673  0.01447618 -0.00240266 -0.00576937  0.01396966]

Step 261:
Rewards: 1.0
Obs: [  0.           0.           0.           0.           0.
   0.           0.40718007  -0.42441195  -0.12913345  -0.31478813
   1.5623696  -11.93698   ]
Action: [ 0.07893503  0.18253374  0.02609563  0.01241064  0.06286657 -0.01827639]

Step 262:
Rewards: 1.0
Obs: [  0.           0.           0.           0.           0.
   0.           1.5297028   -0.49704245   0.5598696   -1.271778
   2.261858   -12.854393  ]
Action: [-0.04512715 -0.03027278  0.03338766  0.0103606   0.01005554  0.00638723]

Step 263:
Rewards: 1.0
Obs: [  0.           0.           0.           0.           0.
   0.           1.0847659   -0.69015473   0.6708385   -0.7013556
   2.0790322  -13.472757  ]
Action: [-0.12337196 -0.01998204  0.03135633  0.02756286  0.00099766  0.00700903]

Step 264:
Rewards: 1.0
Obs: [  0.           0.           0.           0.           0.
   0.           0.3387141    0.14778842   0.32006      1.3412504
   2.6062276  -15.507187  ]
Action: [-0.12711251 -0.02160436  0.02543962  0.01859105 -0.00791377  0.01151717]

Step 265:
Rewards: 1.0
Obs: [  0.           0.           0.           0.           0.
   0.          -0.42266262  -0.6450608    0.60323095   1.1353695
   0.69566727 -10.31284   ]
Action: [ 0.04885161  0.059991    0.0073185   0.00051594  0.03254759 -0.00230068]

Step 266:
Rewards: 1.0
Obs: [ 0.0000000e+00  0.0000000e+00  0.0000000e+00  0.0000000e+00
  0.0000000e+00  0.0000000e+00  1.0627269e+00 -2.0946532e-01
  1.5273942e-03 -1.8202637e-01  4.6709719e+00 -1.6794815e+01]
Action: [-0.06827861 -0.02500117  0.04919541 -0.01657069 -0.01145703  0.01691401]

Step 267:
Rewards: 1.0
Obs: [  0.           0.           0.           0.           0.
   0.           0.6861637   -0.04525486   0.45610842   1.2361858
   2.6879523  -13.670234  ]
Action: [ 0.01671338  0.01025152 -0.00214219  0.03678858  0.03500307 -0.00574321]

Step 268:
Rewards: 1.0
Obs: [  0.           0.           0.           0.           0.
   0.           0.5266573    0.13128309  -0.21093687   2.055978
   2.555494   -13.204958  ]
Action: [ 0.02765441 -0.02766103  0.02163184  0.00610209  0.01278806  0.00469697]

Step 269:
Rewards: 1.0
Obs: [  0.           0.           0.           0.           0.
   0.          -0.1822831   -0.0710002    0.5854046    0.31418332
   2.9282982  -13.767007  ]
Action: [ 0.05810845  0.04030275  0.02573144  0.00114346  0.02963305 -0.00209355]

Step 270:
Rewards: 1.0
Obs: [  0.           0.           0.           0.           0.
   0.           0.3010406   -0.33370557   0.37615126  -2.178569
   2.1084137  -15.396526  ]
Action: [ 0.04591846  0.09864306  0.02098322 -0.00986624  0.02492356 -0.00090683]

Step 271:
Rewards: 1.0
Obs: [  0.           0.           0.           0.           0.
   0.           0.8736413   -0.2991551    0.21292037  -0.41143996
   0.3372913  -14.663842  ]
Action: [-0.05146259  0.05661738  0.00430453  0.01442528  0.02629125 -0.00033063]

Step 272:
Rewards: 1.0
Obs: [  0.           0.           0.           0.           0.
   0.           0.15489751  -0.12260666   0.03084602  -0.19193861
   3.9112737  -12.239905  ]
Action: [-0.02241009 -0.02818096  0.00847173  0.00853336  0.01236081  0.00645447]

Step 273:
Rewards: 1.0
Obs: [  0.           0.           0.           0.           0.
   0.           1.686759    -0.42926407   1.4175619    0.14541146
   1.4805305  -14.172493  ]
Action: [ 0.02179515  0.09426546  0.03466499  0.00758684  0.03379858 -0.0060733 ]

Step 274:
Rewards: 1.0
Obs: [  0.           0.           0.           0.           0.
   0.           0.30499384  -0.5536414    0.2290006   -0.9173141
   4.486946   -14.158194  ]
Action: [-0.13411391 -0.02203017  0.02871978  0.01751184 -0.0091638   0.0125742 ]

Step 275:
Rewards: 1.0
Obs: [  0.           0.           0.           0.           0.
   0.           0.11563558  -0.307042     0.07973313   1.3415257
   0.5374452  -12.007328  ]
Action: [-0.0776397   0.04228973  0.01955986  0.02472973  0.01830971  0.00050688]

Step 276:
Rewards: 1.0
Obs: [ 0.0000000e+00  0.0000000e+00  0.0000000e+00  0.0000000e+00
  0.0000000e+00  0.0000000e+00  5.4855137e-03 -4.0176722e-01
  9.2049152e-01 -6.5522343e-01  2.0109646e+00 -1.7339466e+01]
Action: [ 0.01915514 -0.03675681  0.03128171 -0.01074547  0.0034765   0.01067817]

Step 277:
Rewards: 1.0
Obs: [  0.          0.          0.          0.          0.          0.
   1.346973   -0.756551    0.5767085   0.959838    1.4269588 -13.43406  ]
Action: [-0.03737712  0.05001855 -0.01305324  0.00122488  0.01156855  0.00648975]

Step 278:
Rewards: 1.0
Obs: [  0.           0.           0.           0.           0.
   0.          -0.15698172  -0.31180805  -0.11596736   1.7766916
   4.0362544  -13.434783  ]
Action: [-0.09501553 -0.044254    0.02643216  0.01251614 -0.01159078  0.0139364 ]

Step 279:
Rewards: 1.0
Obs: [  0.           0.           0.           0.           0.
   0.          -0.471936    -0.441391     0.32662916  -0.5803874
   5.6728277  -12.250671  ]
Action: [ 0.05608928  0.09983349  0.02510631 -0.00410742  0.02459145 -0.00208181]

Step 280:
Rewards: 1.0
Obs: [  0.           0.           0.           0.           0.
   0.           0.79275966  -0.2858527    0.01918604   0.78868026
  -0.0469457  -14.806618  ]
Action: [-0.02994508  0.1803881   0.04019606  0.00027871  0.03343189 -0.00613809]

Step 281:
Rewards: 1.0
Obs: [  0.           0.           0.           0.           0.
   0.           0.04672828  -0.22182734   0.6227524   -2.0689468
   5.279798   -14.980845  ]
Action: [ 0.02776527 -0.03095835  0.00424349 -0.00239354  0.01155579  0.00773621]

Step 282:
Rewards: 1.0
Obs: [  0.           0.           0.           0.           0.
   0.           0.06342535  -0.22590458   0.62095463  -1.6358206
   2.4129694  -16.138453  ]
Action: [-0.03018379  0.16860628  0.01759946  0.01839495  0.04470432 -0.01114404]

Step 283:
Rewards: 1.0
Obs: [  0.           0.           0.           0.           0.
   0.          -0.44774783  -0.21950208  -0.23750156  -0.2111884
   3.5356698  -10.056778  ]
Action: [-0.01619411  0.09139037 -0.00153297  0.00685823  0.02911925 -0.00178069]

Step 284:
Rewards: 1.0
Obs: [ 0.0000000e+00  0.0000000e+00  0.0000000e+00  0.0000000e+00
  0.0000000e+00  0.0000000e+00  3.7676154e-03 -4.5704672e-01
  5.6884241e-01 -1.3205844e+00  2.7787089e+00 -1.7600685e+01]
Action: [ 0.03396022  0.1510899   0.05158401 -0.00723994  0.03565013 -0.00707299]

Step 285:
Rewards: 1.0
Obs: [  0.           0.           0.           0.           0.
   0.           0.58125854  -0.35332063   0.05575008   0.85292155
   2.822674   -14.532478  ]
Action: [-0.03200829  0.0884825  -0.01411289  0.0096916   0.02441382  0.00025511]

Step 286:
Rewards: 1.0
Obs: [  0.           0.           0.           0.           0.
   0.           0.98490703  -0.4422952    0.60089684  -0.63590705
   5.737388   -15.229886  ]
Action: [-0.00417948 -0.02327251  0.01215065  0.01438224  0.01325345  0.00423992]

Step 287:
Rewards: 1.0
Obs: [  0.           0.           0.           0.           0.
   0.           0.94512606  -0.31255057   0.3564795    0.80979514
   3.41501    -13.611946  ]
Action: [-0.09339303  0.01653588  0.01560879  0.03812134  0.01703966  0.00022817]

Step 288:
Rewards: 1.0
Obs: [  0.           0.           0.           0.           0.
   0.           0.2962266   -0.13601752  -0.2650802   -0.88566285
   1.6547956  -11.946391  ]
Action: [-0.04731101 -0.02173394  0.02507663  0.02017224  0.00736201  0.00482917]

Step 289:
Rewards: 1.0
Obs: [  0.           0.           0.           0.           0.
   0.           0.66232306  -0.57007945   1.068892     0.33973712
   2.8176758  -14.85503   ]
Action: [ 0.00284135  0.0318718   0.03283644  0.00869477  0.02867675 -0.00190121]

Step 290:
Rewards: 1.0
Obs: [  0.           0.           0.           0.           0.
   0.           0.79601556  -0.40632415   0.13642226   1.7066548
   0.5961429  -14.696122  ]
Action: [-0.10663974 -0.02230108  0.01534891  0.01253009 -0.00929797  0.01303732]

Step 291:
Rewards: 1.0
Obs: [  0.           0.           0.           0.           0.
   0.           0.9947567   -0.37450916  -0.47450513   1.1430188
   3.5973716  -13.291688  ]
Action: [ 0.01529443 -0.02944976  0.00742757 -0.00360543  0.00348532  0.01002347]

Step 292:
Rewards: 1.0
Obs: [  0.           0.           0.           0.           0.
   0.           1.2092285   -0.34630436   0.09892465   0.07926475
   1.146003   -13.862899  ]
Action: [ 0.03786647 -0.01928574  0.02387452  0.02223909  0.02152717 -0.001086  ]

Step 293:
Rewards: 1.0
Obs: [ 0.0000000e+00  0.0000000e+00  0.0000000e+00  0.0000000e+00
  0.0000000e+00  0.0000000e+00  8.4878206e-01 -5.2141404e-01
 -5.9350762e-03  9.7565597e-01  2.6099870e+00 -1.0647695e+01]
Action: [-0.03578264 -0.02439696  0.01849747  0.01599455  0.01037133  0.00505185]

Step 294:
Rewards: 1.0
Obs: [  0.           0.           0.           0.           0.
   0.           0.3279787    0.27091423   0.5078415    0.74411106
   2.9909668  -10.113429  ]
Action: [-0.03988487 -0.02753073  0.0488621   0.01197481  0.00268698  0.00649655]

Step 295:
Rewards: 1.0
Obs: [  0.           0.           0.           0.           0.
   0.           1.1856074    0.01889546   0.22170661   2.5140254
   3.268599   -15.407681  ]
Action: [ 0.05430043  0.06095624  0.05369568 -0.00820875  0.026752   -0.00216645]

Step 296:
Rewards: 1.0
Obs: [  0.           0.           0.           0.           0.
   0.           0.7923497   -0.52570915   0.30483428  -0.18761471
   1.1106257  -14.198438  ]
Action: [ 0.05632269 -0.02357799  0.01072717  0.01160955  0.02139008  0.0014596 ]

Step 297:
Rewards: 1.0
Obs: [  0.           0.           0.           0.           0.
   0.           0.3775401   -0.43021     -0.25734162   1.5559244
   3.7571993  -16.404196  ]
Action: [-0.05867654 -0.02622545  0.0146457   0.01022732  0.00319171  0.00904822]

Step 298:
Rewards: 1.0
Obs: [  0.           0.           0.           0.           0.
   0.          -0.25472093  -0.25725704   0.5163665    0.27115008
   3.2139323  -16.985327  ]
Action: [ 0.0576756   0.03322077 -0.00525874  0.01255655  0.02469015 -0.00091046]

Step 299:
Rewards: 1.0
Obs: [  0.           0.           0.           0.           0.
   0.           0.8472545   -0.43524927   0.4213032    1.3971857
   2.240184   -15.134436  ]
Action: [ 0.04559135  0.11961532 -0.00737631 -0.00437707  0.02837765 -0.00185651]

Step 300:
Rewards: 1.0
Obs: [  0.           0.           0.           0.           0.
   0.           0.8767052   -0.3261593    0.75856584   0.1814356
   3.6930172  -14.553211  ]
Action: [-0.02675688 -0.02266157  0.00901687  0.01022029  0.00223804  0.00838268]

